{
  "advancedEditorSelectedIdentifier" : "ProjectBrowser",
  "openSceneRelativePaths" : [
    "Scenes\/EnviScene.usda",
    "Assets\/Card Sandy.usda",
    "Assets\/Anomaly Sandy.usda",
    "Assets\/Anomaly Handaru.usda",
    "Assets\/Anomaly Fatih.usda",
    "Scenes\/EnviScene 1.usda",
    "Animations\/Alfa_Idle.usdc",
    "Mesh\/TreePack1.usdc",
    "Mesh\/TreePack2.usdc",
    "Assets\/Tree1.usda",
    "Assets\/Tree2.usda",
    "Animations\/Anomaly Handaru_Idle.usdc",
    "Animations\/Anomaly Fatih.usdc",
    "Animations\/Anomaly Sandy.usdc",
    "Scenes\/Immersive.usda"
  ],
  "recentIdentifiers" : {
    "0CB919D4-471B-4DD5-BDEC-B08B1AD93AF8" : [

    ],
    "10F4656C-1D6D-4BA7-9C51-112A5AA94702" : [

    ],
    "1754B3B8-1B6F-4EFA-A363-9F909A2925D0" : [

    ],
    "1A1D6A5E-548E-4C23-B816-D389C578011A" : [

    ],
    "262E7451-5588-4B8A-B057-A20B16538E66" : [

    ],
    "3B86FAFA-86E9-4E44-84DB-4F9A1EF629C1" : [

    ],
    "3BF7D3BB-91B3-4D37-A0D9-793C1E71E1AE" : [

    ],
    "3D9811AB-4C6B-4602-87A0-81868911537E" : [

    ],
    "56786D30-3741-42C8-B4AF-0C26A6EFB0FF" : [

    ],
    "5858129E-2FDA-4FB3-BF6B-E5A4C756A4C8" : [

    ],
    "5C2E3C2D-7175-462E-BFBB-81CA5B8B7A96" : [

    ],
    "61072BE8-0CEC-43A4-A6E5-C4733D880192" : [

    ],
    "646E8158-B47B-41F8-9979-2C03B4874C32" : [

    ],
    "7392CD47-E9AE-4BFF-A2E0-48E50AA3C29C" : [

    ],
    "90D82A4A-2CF1-40EA-B970-4D75C327588A" : [

    ],
    "9EE76536-4C15-4203-8152-94BD0E91B5FD" : [

    ],
    "A2516ECF-E888-45C4-8776-0FFE7F4B3C04" : [

    ],
    "AA9D8856-4626-4D6C-933E-820129D1BD32" : [

    ],
    "B1E3E060-D38E-4C18-98B1-6A338088AD91" : [

    ],
    "B965C361-4FE1-40A2-9077-DE1D9DD05473" : [

    ],
    "C27E4970-9B88-4B3A-BBDF-8CF1724C28BA" : [

    ],
    "D03B4EF4-C4BF-4C89-A17A-65EAA3D34554" : [

    ],
    "DBB2D800-D8AA-457E-8BB1-18A4020A9954" : [

    ],
    "E7B5D955-E08C-4CE1-A744-37E5B8B0FC79" : [

    ],
    "EA45A956-E81B-4CC6-B9A0-EF59EC338DF4" : [

    ],
    "F1B8A198-F192-469B-A3BD-49604098CAA7" : [

    ],
    "F6C3FA21-6DD1-469C-BC87-CA54368D3735" : [

    ],
    "F903EBAA-0E45-4A59-89AA-5455AB31C67F" : [

    ],
    "FB3E4274-D8ED-408B-8AD9-6A5190953094" : [

    ]
  },
  "sceneCameraHistory" : {
    "08F3029F-D272-40C9-ABA6-91CF67418228" : [
      {
        "date" : 805623276.414581,
        "title" : "Untitled",
        "transform" : [
          0.8182662,
          1.0561109e-08,
          -0.5748393,
          0,
          -0.22074191,
          0.9233304,
          -0.31421933,
          0,
          0.5307668,
          0.38400626,
          0.7555301,
          0,
          0.879181,
          2.0210102,
          1.5182691,
          1
        ]
      },
      {
        "date" : 805623253.245468,
        "title" : "Untitled",
        "transform" : [
          0.9683311,
          4.2381654e-09,
          -0.24966949,
          0,
          -0.063730665,
          0.9668725,
          -0.24717632,
          0,
          0.24139856,
          0.25526014,
          0.9362527,
          0,
          0.9224366,
          1.3585652,
          2.660055,
          1
        ]
      },
      {
        "date" : 805623250.160199,
        "title" : "Untitled",
        "transform" : [
          1,
          0,
          0,
          0,
          0,
          0.7071069,
          -0.70710677,
          0,
          0,
          0.70710677,
          0.7071069,
          0,
          0.22908941,
          2.5860415,
          1.7413757,
          1
        ]
      }
    ],
    "0F08BB9D-1553-485E-9B31-F8D008DFDC95" : [
      {
        "date" : 805701915.24456,
        "title" : "Untitled",
        "transform" : [
          0.6695164,
          3.5240009e-09,
          0.7427974,
          0,
          0.19806403,
          0.96379447,
          -0.17852388,
          0,
          -0.71590406,
          0.2666461,
          0.6452761,
          0,
          46.05095,
          9.448431,
          -39.134033,
          1
        ]
      },
      {
        "date" : 805701627.524015,
        "title" : "Untitled",
        "transform" : [
          0.6695164,
          3.5240009e-09,
          0.7427974,
          0,
          0.19806403,
          0.96379447,
          -0.17852388,
          0,
          -0.71590406,
          0.2666461,
          0.6452761,
          0,
          3.295295,
          4.083481,
          -17.409714,
          1
        ]
      },
      {
        "date" : 805701611.690672,
        "title" : "Untitled",
        "transform" : [
          1,
          0,
          0,
          0,
          0,
          0.7071069,
          -0.70710677,
          0,
          0,
          0.70710677,
          0.7071069,
          0,
          19.588116,
          3.281434,
          -2.3365197,
          1
        ]
      }
    ],
    "10F4656C-1D6D-4BA7-9C51-112A5AA94702" : [
      {
        "date" : 805259104.18645,
        "title" : "Untitled",
        "transform" : [
          0.9956917,
          2.6452707e-09,
          -0.0927257,
          0,
          -0.08241697,
          0.4582462,
          -0.884996,
          0,
          0.042491194,
          0.8888254,
          0.45627183,
          0,
          0.2092868,
          4.377835,
          2.2473283,
          1
        ]
      }
    ],
    "1754B3B8-1B6F-4EFA-A363-9F909A2925D0" : [
      {
        "date" : 805627934.056689,
        "title" : "Untitled",
        "transform" : [
          0.97262067,
          0,
          0.23239836,
          0,
          0.16433045,
          0.7071069,
          -0.68774664,
          0,
          -0.16433048,
          0.70710677,
          0.68774676,
          0,
          -0.9831449,
          3.5077744,
          -1.778492,
          1
        ]
      },
      {
        "date" : 805627930.940226,
        "title" : "Untitled",
        "transform" : [
          0.97262067,
          0,
          0.23239836,
          0,
          0.16433045,
          0.7071069,
          -0.68774664,
          0,
          -0.16433048,
          0.70710677,
          0.68774676,
          0,
          -0.5430126,
          1.6139064,
          -3.620508,
          1
        ]
      },
      {
        "date" : 805627916.340259,
        "title" : "Untitled",
        "transform" : [
          0.97262067,
          0,
          0.23239836,
          0,
          0.16433045,
          0.7071069,
          -0.68774664,
          0,
          -0.16433048,
          0.70710677,
          0.68774676,
          0,
          18.471764,
          2.2158654,
          -2.7106736,
          1
        ]
      },
      {
        "date" : 805627015.65692,
        "title" : "Untitled",
        "transform" : [
          1,
          0,
          0,
          0,
          0,
          0.7071069,
          -0.70710677,
          0,
          0,
          0.70710677,
          0.7071069,
          0,
          15.644526,
          9.015046,
          4.025333,
          1
        ]
      },
      {
        "date" : 805623382.986008,
        "title" : "Untitled",
        "transform" : [
          1,
          0,
          0,
          0,
          0,
          0.7071069,
          -0.70710677,
          0,
          0,
          0.70710677,
          0.7071069,
          0,
          13.884863,
          8.163714,
          4.876664,
          1
        ]
      },
      {
        "date" : 805623361.312065,
        "title" : "Untitled",
        "transform" : [
          1,
          0,
          0,
          0,
          0,
          0.7071069,
          -0.70710677,
          0,
          0,
          0.70710677,
          0.7071069,
          0,
          -0.96123123,
          5.1032968,
          4.760997,
          1
        ]
      }
    ],
    "1A04EAF0-8FAE-45B1-BCEE-AD12ECD05C80" : [
      {
        "date" : 805257969.941214,
        "title" : "Untitled",
        "transform" : [
          -0.31300566,
          9.525688e-09,
          -0.9497513,
          0,
          -0.1670556,
          0.98440915,
          0.055055756,
          0,
          0.9349439,
          0.17589392,
          -0.3081256,
          0,
          8.454937,
          1.5893221,
          -4.2992177,
          1
        ]
      },
      {
        "date" : 805257834.313653,
        "title" : "Untitled",
        "transform" : [
          -0.4733816,
          1.7986417e-09,
          -0.8808575,
          0,
          -0.74830276,
          0.5275625,
          0.4021453,
          0,
          0.4647075,
          0.8495162,
          -0.2497384,
          0,
          2.7192063,
          12.989916,
          -4.2658744,
          1
        ]
      },
      {
        "date" : 805257826.858722,
        "title" : "Untitled",
        "transform" : [
          -0.7155181,
          -6.145342e-10,
          -0.69859433,
          0,
          -0.6571064,
          0.33948287,
          0.6730251,
          0,
          0.23716083,
          0.94061226,
          -0.24290614,
          0,
          -0.28127432,
          14.775808,
          -5.2312617,
          1
        ]
      },
      {
        "date" : 805257804.926716,
        "title" : "Untitled",
        "transform" : [
          -0.098965265,
          -1.5229077e-08,
          -0.99509096,
          0,
          -0.19723006,
          0.980161,
          0.019615235,
          0,
          0.97534925,
          0.19820298,
          -0.097001895,
          0,
          3.8937788,
          0.077382326,
          0.20453143,
          1
        ]
      },
      {
        "date" : 805257798.651265,
        "title" : "Untitled",
        "transform" : [
          -0.19145222,
          -1.55797e-08,
          -0.98150194,
          0,
          -0.36231038,
          0.92937434,
          0.070672445,
          0,
          0.9121827,
          0.36913866,
          -0.17793077,
          0,
          3.8482962,
          2.0504243,
          -1.7803439,
          1
        ]
      },
      {
        "date" : 805257789.762362,
        "title" : "Untitled",
        "transform" : [
          -0.19509107,
          -1.5369118e-08,
          -0.98078513,
          0,
          -0.3781256,
          0.92269385,
          0.07521416,
          0,
          0.9049643,
          0.3855335,
          -0.1800093,
          0,
          2.3211937,
          0.9099972,
          -1.478199,
          1
        ]
      },
      {
        "date" : 805257767.418252,
        "title" : "Untitled",
        "transform" : [
          -0.014812705,
          -1.501725e-08,
          -0.99989027,
          0,
          -0.29952466,
          0.95407826,
          0.004437257,
          0,
          0.95397353,
          0.29955748,
          -0.014132472,
          0,
          4.1108093,
          1.7350787,
          -0.50997436,
          1
        ]
      },
      {
        "date" : 805257761.23425,
        "title" : "Untitled",
        "transform" : [
          -0.08155269,
          -1.5013153e-08,
          -0.99666905,
          0,
          -0.31170946,
          0.94983506,
          0.025505705,
          0,
          0.9466712,
          0.3127512,
          -0.0774616,
          0,
          4.1861916,
          1.8995242,
          -1.3073359,
          1
        ]
      },
      {
        "date" : 805257754.149582,
        "title" : "Untitled",
        "transform" : [
          -0.089382194,
          -1.5013153e-08,
          -0.9959974,
          0,
          -0.31149942,
          0.94983506,
          0.02795439,
          0,
          0.94603324,
          0.3127512,
          -0.08489834,
          0,
          6.8548813,
          2.8401265,
          -2.3103294,
          1
        ]
      },
      {
        "date" : 805257743.434664,
        "title" : "Untitled",
        "transform" : [
          -0.23825997,
          -1.625204e-08,
          -0.9712015,
          0,
          -0.4581713,
          0.8817285,
          0.11240086,
          0,
          0.85633594,
          0.4717572,
          -0.21008058,
          0,
          5.9901285,
          5.3120384,
          -4.344636,
          1
        ]
      }
    ],
    "1A1D6A5E-548E-4C23-B816-D389C578011A" : [
      {
        "date" : 805455083.053153,
        "title" : "Untitled",
        "transform" : [
          0.9959052,
          -3.121955e-10,
          -0.090404116,
          0,
          -0.026305707,
          0.9567294,
          -0.2897876,
          0,
          0.08649228,
          0.2909791,
          0.9528118,
          0,
          0.3828759,
          2.2342317,
          3.100827,
          1
        ]
      },
      {
        "date" : 805455073.665391,
        "title" : "Untitled",
        "transform" : [
          0.9959052,
          -3.121955e-10,
          -0.090404116,
          0,
          -0.026305707,
          0.9567294,
          -0.2897876,
          0,
          0.08649228,
          0.2909791,
          0.9528118,
          0,
          0.053030528,
          0.309454,
          0.42948246,
          1
        ]
      },
      {
        "date" : 805455063.724841,
        "title" : "Untitled",
        "transform" : [
          0.9959052,
          -3.121955e-10,
          -0.090404116,
          0,
          -0.026305707,
          0.9567294,
          -0.2897876,
          0,
          0.08649228,
          0.2909791,
          0.9528118,
          0,
          0.01702191,
          0.09932954,
          0.13785666,
          1
        ]
      },
      {
        "date" : 805455044.486553,
        "title" : "Untitled",
        "transform" : [
          0.9959052,
          -3.121955e-10,
          -0.090404116,
          0,
          -0.026305707,
          0.9567294,
          -0.2897876,
          0,
          0.08649228,
          0.2909791,
          0.9528118,
          0,
          0.02520746,
          0.14709544,
          0.2041496,
          1
        ]
      },
      {
        "date" : 805455002.60301,
        "title" : "Untitled",
        "transform" : [
          0.99590516,
          -6.9770933e-10,
          -0.090404116,
          0,
          -0.026305705,
          0.9567295,
          -0.2897876,
          0,
          0.08649227,
          0.29097918,
          0.9528117,
          0,
          -0.15190184,
          1.8701929,
          1.9177661,
          1
        ]
      },
      {
        "date" : 805454866.830659,
        "title" : "Untitled",
        "transform" : [
          0.99590516,
          -6.9770933e-10,
          -0.090404116,
          0,
          -0.026305705,
          0.9567295,
          -0.2897876,
          0,
          0.08649227,
          0.29097918,
          0.9528117,
          0,
          -1.2204456,
          15.025946,
          15.40817,
          1
        ]
      },
      {
        "date" : 805454861.091348,
        "title" : "Untitled",
        "transform" : [
          0.99820405,
          1.957361e-10,
          0.059906505,
          0,
          0.026767133,
          0.8946264,
          -0.44601262,
          0,
          -0.05359394,
          0.44681513,
          0.89301956,
          0,
          -3.353071,
          17.361212,
          12.329861,
          1
        ]
      },
      {
        "date" : 805454790.089028,
        "title" : "Untitled",
        "transform" : [
          1,
          0,
          0,
          0,
          0,
          0.7071069,
          -0.70710677,
          0,
          0,
          0.70710677,
          0.7071069,
          0,
          3.7546768,
          18.442507,
          8.353678,
          1
        ]
      }
    ],
    "262E7451-5588-4B8A-B057-A20B16538E66" : [
      {
        "date" : 805705179.777079,
        "title" : "Untitled",
        "transform" : [
          0.9574458,
          -2.144732e-08,
          -0.2886129,
          0,
          0.08093171,
          0.95987856,
          0.26848298,
          0,
          0.27703327,
          -0.28041595,
          0.9190318,
          0,
          318.46814,
          -102.01856,
          1153.1715,
          1
        ]
      },
      {
        "date" : 805705168.093125,
        "title" : "Untitled",
        "transform" : [
          0.9196548,
          -2.0089043e-08,
          0.39272764,
          0,
          -0.0043353415,
          0.999939,
          0.010152279,
          0,
          -0.3927038,
          -0.011039308,
          0.9195987,
          0,
          -228.34499,
          -239.29784,
          994.2995,
          1
        ]
      },
      {
        "date" : 805705165.412949,
        "title" : "Untitled",
        "transform" : [
          0.9196548,
          -2.0089043e-08,
          0.39272764,
          0,
          -0.0043353415,
          0.999939,
          0.010152279,
          0,
          -0.3927038,
          -0.011039308,
          0.9195987,
          0,
          -122.512794,
          105.915276,
          533.46594,
          1
        ]
      },
      {
        "date" : 805705162.831067,
        "title" : "Untitled",
        "transform" : [
          0.9196548,
          -2.0089043e-08,
          0.39272764,
          0,
          -0.0043353415,
          0.999939,
          0.010152279,
          0,
          -0.3927038,
          -0.011039308,
          0.9195987,
          0,
          -75.99581,
          65.70022,
          330.91382,
          1
        ]
      },
      {
        "date" : 805705145.131088,
        "title" : "Untitled",
        "transform" : [
          0.9196548,
          -2.0089043e-08,
          0.39272764,
          0,
          -0.0043353415,
          0.999939,
          0.010152279,
          0,
          -0.3927038,
          -0.011039308,
          0.9195987,
          0,
          -14.221281,
          12.2946415,
          61.924713,
          1
        ]
      },
      {
        "date" : 805705121.563178,
        "title" : "Untitled",
        "transform" : [
          0.9997459,
          -1.7642156e-08,
          0.02254152,
          0,
          0.0040003345,
          0.9841275,
          -0.17741743,
          0,
          -0.02218383,
          0.17746241,
          0.9838775,
          0,
          91.7205,
          220.84161,
          549.43256,
          1
        ]
      },
      {
        "date" : 805705119.848711,
        "title" : "Untitled",
        "transform" : [
          0.9997459,
          -1.7642156e-08,
          0.02254152,
          0,
          0.0040003345,
          0.9841275,
          -0.17741743,
          0,
          -0.02218383,
          0.17746241,
          0.9838775,
          0,
          311.65668,
          361.2294,
          756.7046,
          1
        ]
      },
      {
        "date" : 805705110.619744,
        "title" : "Untitled",
        "transform" : [
          0.94441843,
          -1.7538754e-08,
          -0.32874542,
          0,
          0.16876923,
          0.85816526,
          0.48483935,
          0,
          0.2821178,
          -0.5133735,
          0.8104672,
          0,
          79.97733,
          -39.245396,
          74.443954,
          1
        ]
      },
      {
        "date" : 805705090.904716,
        "title" : "Untitled",
        "transform" : [
          0.7293658,
          -1.9744421e-08,
          -0.6841239,
          0,
          -0.3013407,
          0.897764,
          -0.32126874,
          0,
          0.6141817,
          0.44047672,
          0.6547985,
          0,
          95.73407,
          59.674175,
          27.430992,
          1
        ]
      },
      {
        "date" : 805624728.673393,
        "title" : "Untitled",
        "transform" : [
          0.7293658,
          -1.9744421e-08,
          -0.6841239,
          0,
          -0.3013407,
          0.897764,
          -0.32126874,
          0,
          0.6141817,
          0.44047672,
          0.6547985,
          0,
          3.881909,
          1.6399565,
          1.112809,
          1
        ]
      }
    ],
    "37BFCFC9-42E6-4C99-A093-DB48D12E4070" : [
      {
        "date" : 805694917.785057,
        "title" : "Untitled",
        "transform" : [
          0.856188,
          -3.073069e-09,
          0.5166643,
          0,
          0.1884315,
          0.931122,
          -0.31225845,
          0,
          -0.48107773,
          0.36470774,
          0.7972154,
          0,
          -7.011445,
          11.053573,
          9.846579,
          1
        ]
      },
      {
        "date" : 805694912.273563,
        "title" : "Untitled",
        "transform" : [
          -0.62780267,
          -3.3082959e-10,
          0.77837247,
          0,
          0.57739425,
          0.6706247,
          0.46570206,
          0,
          -0.52199566,
          0.7417968,
          -0.42102015,
          0,
          -3.9832044,
          15.269782,
          -4.3891654,
          1
        ]
      },
      {
        "date" : 805694475.543182,
        "title" : "Untitled",
        "transform" : [
          0.8430384,
          2.5361193e-09,
          0.5378534,
          0,
          -0.063979596,
          0.9928998,
          0.100282356,
          0,
          -0.5340347,
          -0.11895359,
          0.8370525,
          0,
          -23.278522,
          10.117152,
          32.22333,
          1
        ]
      },
      {
        "date" : 805693131.269778,
        "title" : "Untitled",
        "transform" : [
          0.5398428,
          -4.797327e-10,
          0.8417658,
          0,
          0.45774275,
          0.8392221,
          -0.29356048,
          0,
          -0.70642865,
          0.54378873,
          0.45304793,
          0,
          -21.46498,
          33.165146,
          11.0416155,
          1
        ]
      },
      {
        "date" : 805693114.226173,
        "title" : "Untitled",
        "transform" : [
          -0.07147107,
          1.1748806e-08,
          0.99744266,
          0,
          0.25998124,
          0.9654339,
          0.018628716,
          0,
          -0.962965,
          0.2606478,
          -0.069000676,
          0,
          -5.250336,
          3.87774,
          -0.74442464,
          1
        ]
      },
      {
        "date" : 805693093.497789,
        "title" : "Untitled",
        "transform" : [
          -0.07147107,
          1.1748806e-08,
          0.99744266,
          0,
          0.25998124,
          0.9654339,
          0.018628716,
          0,
          -0.962965,
          0.2606478,
          -0.069000676,
          0,
          -22.858576,
          16.882652,
          -3.2410283,
          1
        ]
      },
      {
        "date" : 805693010.875425,
        "title" : "Untitled",
        "transform" : [
          -0.07261251,
          1.1748806e-08,
          0.9973602,
          0,
          0.25995976,
          0.9654339,
          0.01892623,
          0,
          -0.96288544,
          0.2606478,
          -0.070102654,
          0,
          -19.808004,
          14.631977,
          -2.8316276,
          1
        ]
      },
      {
        "date" : 805693000.315639,
        "title" : "Untitled",
        "transform" : [
          -0.1111169,
          1.2641107e-08,
          0.99380726,
          0,
          0.046937738,
          0.9988839,
          0.0052480125,
          0,
          -0.9926981,
          0.0472302,
          -0.11099296,
          0,
          -15.912439,
          7.124282,
          -2.7722588,
          1
        ]
      },
      {
        "date" : 805692966.323035,
        "title" : "Untitled",
        "transform" : [
          -0.030203175,
          1.2749716e-08,
          0.9995437,
          0,
          0.15278159,
          0.9882491,
          0.0046165325,
          0,
          -0.9877983,
          0.1528513,
          -0.029848324,
          0,
          -15.476133,
          7.663668,
          0.61194843,
          1
        ]
      },
      {
        "date" : 805692907.248721,
        "title" : "Untitled",
        "transform" : [
          0.3901516,
          -8.266973e-11,
          0.9207507,
          0,
          -0.15678307,
          0.98539615,
          0.066433996,
          0,
          -0.90730435,
          -0.17027749,
          0.38445383,
          0,
          -15.312614,
          2.336421,
          7.660421,
          1
        ]
      }
    ],
    "3B86FAFA-86E9-4E44-84DB-4F9A1EF629C1" : [
      {
        "date" : 805603075.606056,
        "title" : "Untitled",
        "transform" : [
          0.9608933,
          7.81211e-08,
          -0.27691886,
          0,
          -0.0475506,
          0.985147,
          -0.16499783,
          0,
          0.27280572,
          0.17171295,
          0.9466212,
          0,
          9.181732,
          -1.5508273,
          7.727445,
          1
        ]
      },
      {
        "date" : 805603068.490938,
        "title" : "Untitled",
        "transform" : [
          0.77283543,
          7.898748e-08,
          0.6346065,
          0,
          0.24304554,
          0.923754,
          -0.2959854,
          0,
          -0.5862203,
          0.38298628,
          0.7139098,
          0,
          2.9536731,
          1.4916843,
          7.247975,
          1
        ]
      },
      {
        "date" : 805603057.941052,
        "title" : "Untitled",
        "transform" : [
          -0.01561625,
          8.286375e-08,
          -0.9998781,
          0,
          -0.46681,
          0.88432765,
          0.0072907493,
          0,
          0.88421977,
          0.4668669,
          -0.01380974,
          0,
          10.327747,
          2.0227914,
          -2.5378563,
          1
        ]
      },
      {
        "date" : 805603048.546653,
        "title" : "Untitled",
        "transform" : [
          -0.052198984,
          8.286375e-08,
          -0.9986367,
          0,
          -0.46623045,
          0.88432765,
          0.024370018,
          0,
          0.88312197,
          0.4668669,
          -0.046160858,
          0,
          4.0388303,
          2.131112,
          -0.21791098,
          1
        ]
      },
      {
        "date" : 805603031.430417,
        "title" : "Untitled",
        "transform" : [
          -0.5134333,
          8.288184e-08,
          0.8581295,
          0,
          0.52272797,
          0.79305637,
          0.31275687,
          0,
          -0.68054503,
          0.60914814,
          -0.40718168,
          0,
          -3.1167445,
          2.781932,
          -1.8568867,
          1
        ]
      },
      {
        "date" : 805603010.611845,
        "title" : "Untitled",
        "transform" : [
          0.081494235,
          8.7129926e-08,
          -0.9966738,
          0,
          -0.29539743,
          0.9550692,
          -0.024153443,
          0,
          0.95189244,
          0.29638326,
          0.0778327,
          0,
          4.3535037,
          1.3514335,
          0.34915555,
          1
        ]
      },
      {
        "date" : 805603005.974825,
        "title" : "Untitled",
        "transform" : [
          -0.11275142,
          -1.1325033e-09,
          -0.99362326,
          0,
          0.01630726,
          0.99986535,
          -0.001850401,
          0,
          0.9934894,
          -0.016412,
          -0.11273629,
          0,
          3.4383645,
          -0.4524939,
          -1.1118793,
          1
        ]
      },
      {
        "date" : 805602992.409536,
        "title" : "Untitled",
        "transform" : [
          -0.2413161,
          -1.2442719e-09,
          -0.9704465,
          0,
          0.02963174,
          0.9995338,
          -0.0073683094,
          0,
          0.96999407,
          -0.030534202,
          -0.24120365,
          0,
          2.2791023,
          0.23665905,
          0.9200673,
          1
        ]
      },
      {
        "date" : 805602977.230077,
        "title" : "Untitled",
        "transform" : [
          -0.1925162,
          -2.21806e-09,
          -0.98129374,
          0,
          -0.030269435,
          0.9995242,
          0.005938508,
          0,
          0.9808268,
          0.030846374,
          -0.19242461,
          0,
          1.8164961,
          0.027686449,
          0.13549298,
          1
        ]
      },
      {
        "date" : 805602971.505769,
        "title" : "Untitled",
        "transform" : [
          -0.7118396,
          1.2100116e-09,
          -0.702342,
          0,
          -0.34154046,
          0.8737986,
          0.34615916,
          0,
          0.61370546,
          0.48628795,
          -0.6220045,
          0,
          1.4869838,
          0.43647078,
          -0.25007895,
          1
        ]
      }
    ],
    "3BF7D3BB-91B3-4D37-A0D9-793C1E71E1AE" : [
      {
        "date" : 805257277.533562,
        "title" : "Untitled",
        "transform" : [
          0.9997585,
          -2.3317244e-11,
          0.021977305,
          0,
          0.016101286,
          0.680624,
          -0.732456,
          0,
          -0.014958277,
          0.73263294,
          0.6804597,
          0,
          -3.42265,
          3.2517536,
          10.158336,
          1
        ]
      },
      {
        "date" : 805256252.352647,
        "title" : "Untitled",
        "transform" : [
          0.9997585,
          -2.3317244e-11,
          0.021977305,
          0,
          0.016101286,
          0.680624,
          -0.732456,
          0,
          -0.014958277,
          0.73263294,
          0.6804597,
          0,
          -2.809234,
          2.906248,
          10.590114,
          1
        ]
      },
      {
        "date" : 805256238.452307,
        "title" : "Untitled",
        "transform" : [
          0.987896,
          0,
          0.15511757,
          0,
          0.109684676,
          0.7071068,
          -0.6985479,
          0,
          -0.109684706,
          0.70710677,
          0.6985481,
          0,
          -4.4455156,
          12.79917,
          19.597286,
          1
        ]
      },
      {
        "date" : 805255871.850833,
        "title" : "Untitled",
        "transform" : [
          0.98918766,
          0,
          0.14665543,
          0,
          0.10370103,
          0.7071068,
          -0.6994612,
          0,
          -0.10370106,
          0.70710677,
          0.6994614,
          0,
          -2.1093059,
          3.5313973,
          11.897168,
          1
        ]
      },
      {
        "date" : 805255856.187734,
        "title" : "Untitled",
        "transform" : [
          0.98918766,
          0,
          0.14665543,
          0,
          0.10370103,
          0.7071068,
          -0.6994612,
          0,
          -0.10370106,
          0.70710677,
          0.6994614,
          0,
          -2.0987136,
          2.300209,
          10.614347,
          1
        ]
      },
      {
        "date" : 805255840.679963,
        "title" : "Untitled",
        "transform" : [
          1,
          0,
          0,
          0,
          0,
          0.7071069,
          -0.70710677,
          0,
          0,
          0.70710677,
          0.7071069,
          0,
          1.4782994,
          25.344028,
          19.544594,
          1
        ]
      }
    ],
    "3D9811AB-4C6B-4602-87A0-81868911537E" : [
      {
        "date" : 805621994.492808,
        "title" : "Untitled",
        "transform" : [
          0.9987897,
          3.7162295e-08,
          -0.049184643,
          0,
          -0.044189617,
          0.43909597,
          -0.8973528,
          0,
          0.021596845,
          0.8984401,
          0.43856454,
          0,
          8.635438,
          16.173332,
          2.2314942,
          1
        ]
      },
      {
        "date" : 805621945.603473,
        "title" : "Untitled",
        "transform" : [
          0.9987897,
          3.7162295e-08,
          -0.049184643,
          0,
          -0.044189617,
          0.43909597,
          -0.8973528,
          0,
          0.021596845,
          0.8984401,
          0.43856454,
          0,
          9.256483,
          15.2895,
          1.8636346,
          1
        ]
      },
      {
        "date" : 805612770.585323,
        "title" : "Untitled",
        "transform" : [
          0.97475,
          3.6919115e-08,
          0.22329889,
          0,
          0.1880636,
          0.53915524,
          -0.82094073,
          0,
          -0.12039272,
          0.84220636,
          0.5255416,
          0,
          4.206292,
          13.314718,
          4.6606812,
          1
        ]
      },
      {
        "date" : 805612763.728636,
        "title" : "Untitled",
        "transform" : [
          0.97475,
          3.6919115e-08,
          0.22329889,
          0,
          0.1880636,
          0.53915524,
          -0.82094073,
          0,
          -0.12039272,
          0.84220636,
          0.5255416,
          0,
          -2.2670555,
          21.110775,
          23.041342,
          1
        ]
      },
      {
        "date" : 805612759.645676,
        "title" : "Untitled",
        "transform" : [
          0.97475,
          3.6919115e-08,
          0.22329889,
          0,
          0.1880636,
          0.53915524,
          -0.82094073,
          0,
          -0.12039272,
          0.84220636,
          0.5255416,
          0,
          3.3550804,
          7.1145115,
          -0.8495574,
          1
        ]
      },
      {
        "date" : 805612742.244948,
        "title" : "Untitled",
        "transform" : [
          0.97475,
          3.6919115e-08,
          0.22329889,
          0,
          0.1880636,
          0.53915524,
          -0.82094073,
          0,
          -0.12039272,
          0.84220636,
          0.5255416,
          0,
          0.55161667,
          6.391441,
          -0.33302498,
          1
        ]
      },
      {
        "date" : 805612719.152531,
        "title" : "Untitled",
        "transform" : [
          0.97475,
          3.6919115e-08,
          0.22329889,
          0,
          0.1880636,
          0.53915524,
          -0.82094073,
          0,
          -0.12039272,
          0.84220636,
          0.5255416,
          0,
          -0.105400085,
          14.964766,
          3.3514147,
          1
        ]
      },
      {
        "date" : 805612708.727528,
        "title" : "Untitled",
        "transform" : [
          0.99193275,
          3.6679573e-08,
          0.12676525,
          0,
          0.10814151,
          0.5217703,
          -0.846204,
          0,
          -0.06614228,
          0.853086,
          0.517561,
          0,
          0.7993876,
          15.210634,
          4.975707,
          1
        ]
      },
      {
        "date" : 805612686.187165,
        "title" : "Untitled",
        "transform" : [
          0.99193275,
          3.6679573e-08,
          0.12676525,
          0,
          0.10814151,
          0.5217703,
          -0.846204,
          0,
          -0.06614228,
          0.853086,
          0.517561,
          0,
          1.049036,
          11.990731,
          3.0222154,
          1
        ]
      },
      {
        "date" : 805612655.227575,
        "title" : "Untitled",
        "transform" : [
          0.8981971,
          3.699243e-08,
          0.43959293,
          0,
          0.34556916,
          0.618084,
          -0.70608366,
          0,
          -0.2717053,
          0.78611207,
          0.5551613,
          0,
          -1.5028282,
          6.645925,
          0.6636094,
          1
        ]
      }
    ],
    "4E0522C2-9421-4EE2-95F0-03F282A32030" : [
      {
        "date" : 805623772.292873,
        "title" : "Untitled",
        "transform" : [
          0.3931308,
          7.322215e-10,
          0.9194825,
          0,
          0.24141428,
          0.9649171,
          -0.10321825,
          0,
          -0.88722444,
          0.26255453,
          0.3793386,
          0,
          18.963026,
          1.9114635,
          -2.893949,
          1
        ]
      },
      {
        "date" : 805623765.179019,
        "title" : "Untitled",
        "transform" : [
          1,
          0,
          0,
          0,
          0,
          0.7071069,
          -0.70710677,
          0,
          0,
          0.70710677,
          0.7071069,
          0,
          11.177705,
          2.390075,
          1.2675071,
          1
        ]
      },
      {
        "date" : 805623748.950789,
        "title" : "Untitled",
        "transform" : [
          1,
          0,
          0,
          0,
          0,
          0.7071069,
          -0.70710677,
          0,
          0,
          0.70710677,
          0.7071069,
          0,
          1.1341136,
          2.0048218,
          1.6527593,
          1
        ]
      }
    ],
    "4ED2412F-8B57-4B64-8EA6-884A4E2E42AE" : [
      {
        "date" : 805705075.235634,
        "title" : "Untitled",
        "transform" : [
          0.99983627,
          0,
          -0.018095937,
          0,
          -0.0127957575,
          0.7071068,
          -0.70699096,
          0,
          0.012795761,
          0.70710677,
          0.70699114,
          0,
          0.5701502,
          31.507082,
          31.501926,
          1
        ]
      },
      {
        "date" : 805701946.223589,
        "title" : "Untitled",
        "transform" : [
          0.99983627,
          0,
          -0.018095937,
          0,
          -0.0127957575,
          0.7071068,
          -0.70699096,
          0,
          0.012795761,
          0.70710677,
          0.70699114,
          0,
          0.10576292,
          5.844567,
          5.843611,
          1
        ]
      }
    ],
    "519EA424-A0B5-4541-97CF-2E5828666724" : [
      {
        "date" : 805694805.454844,
        "title" : "Untitled",
        "transform" : [
          0.99682605,
          -5.4146527e-09,
          0.07961067,
          0,
          0.008176178,
          0.9947123,
          -0.10237512,
          0,
          -0.0791897,
          0.102700934,
          0.9915551,
          0,
          2.2260256,
          4.511826,
          11.703986,
          1
        ]
      },
      {
        "date" : 805694800.250504,
        "title" : "Untitled",
        "transform" : [
          0.99682605,
          -5.4146527e-09,
          0.07961067,
          0,
          0.008176178,
          0.9947123,
          -0.10237512,
          0,
          -0.0791897,
          0.102700934,
          0.9915551,
          0,
          5.7604723,
          11.67563,
          30.287384,
          1
        ]
      },
      {
        "date" : 805261306.616071,
        "title" : "Untitled",
        "transform" : [
          0.75713474,
          -5.6347247e-09,
          0.6532588,
          0,
          -0.038861774,
          0.99822897,
          0.045041375,
          0,
          -0.6521018,
          -0.059489347,
          0.7557938,
          0,
          -1.299475,
          0.613259,
          2.6460662,
          1
        ]
      },
      {
        "date" : 805261305.089335,
        "title" : "Untitled",
        "transform" : [
          0.77842283,
          -5.6347247e-09,
          0.6277404,
          0,
          -0.0373437,
          0.99822897,
          0.046307784,
          0,
          -0.6266286,
          -0.059489347,
          0.7770442,
          0,
          -1.2114062,
          0.6201198,
          2.5696344,
          1
        ]
      },
      {
        "date" : 805261297.189756,
        "title" : "Untitled",
        "transform" : [
          0.80329156,
          -1.0372571e-08,
          0.59558606,
          0,
          0.10037814,
          0.9856954,
          -0.13538404,
          0,
          -0.5870664,
          0.1685365,
          0.7918008,
          0,
          -0.933815,
          1.8393928,
          2.5631404,
          1
        ]
      },
