{
  "advancedEditorSelectedIdentifier" : "ProjectBrowser",
  "openSceneRelativePaths" : [
    "Assets\/Fence.usda",
    "Assets\/FenchPole.usda",
    "Assets\/FenceShort.usda",
    "Scenes\/MainScene.usda",
    "Assets\/Gate.usda",
    "Mesh\/Gate.usdc"
  ],
  "recentIdentifiers" : {
    "0CB919D4-471B-4DD5-BDEC-B08B1AD93AF8" : [

    ],
    "10F4656C-1D6D-4BA7-9C51-112A5AA94702" : [

    ],
    "3BF7D3BB-91B3-4D37-A0D9-793C1E71E1AE" : [

    ],
    "56786D30-3741-42C8-B4AF-0C26A6EFB0FF" : [

    ],
    "5C2E3C2D-7175-462E-BFBB-81CA5B8B7A96" : [

    ],
    "9EE76536-4C15-4203-8152-94BD0E91B5FD" : [

    ],
    "B1E3E060-D38E-4C18-98B1-6A338088AD91" : [

    ],
    "B965C361-4FE1-40A2-9077-DE1D9DD05473" : [

    ],
    "D03B4EF4-C4BF-4C89-A17A-65EAA3D34554" : [

    ],
    "DBB2D800-D8AA-457E-8BB1-18A4020A9954" : [

    ],
    "EA45A956-E81B-4CC6-B9A0-EF59EC338DF4" : [

    ],
    "F1B8A198-F192-469B-A3BD-49604098CAA7" : [

    ],
    "F6C3FA21-6DD1-469C-BC87-CA54368D3735" : [

    ],
    "F903EBAA-0E45-4A59-89AA-5455AB31C67F" : [

    ]
  },
  "sceneCameraHistory" : {
    "10F4656C-1D6D-4BA7-9C51-112A5AA94702" : [
      {
        "date" : 805259104.18645,
        "title" : "Untitled",
        "transform" : [
          0.9956917,
          2.6452707e-09,
          -0.0927257,
          0,
          -0.08241697,
          0.4582462,
          -0.884996,
          0,
          0.042491194,
          0.8888254,
          0.45627183,
          0,
          0.2092868,
          4.377835,
          2.2473283,
          1
        ]
      }
    ],
    "1A04EAF0-8FAE-45B1-BCEE-AD12ECD05C80" : [
      {
        "date" : 805257969.941214,
        "title" : "Untitled",
        "transform" : [
          -0.31300566,
          9.525688e-09,
          -0.9497513,
          0,
          -0.1670556,
          0.98440915,
          0.055055756,
          0,
          0.9349439,
          0.17589392,
          -0.3081256,
          0,
          8.454937,
          1.5893221,
          -4.2992177,
          1
        ]
      },
      {
        "date" : 805257834.313653,
        "title" : "Untitled",
        "transform" : [
          -0.4733816,
          1.7986417e-09,
          -0.8808575,
          0,
          -0.74830276,
          0.5275625,
          0.4021453,
          0,
          0.4647075,
          0.8495162,
          -0.2497384,
          0,
          2.7192063,
          12.989916,
          -4.2658744,
          1
        ]
      },
      {
        "date" : 805257826.858722,
        "title" : "Untitled",
        "transform" : [
          -0.7155181,
          -6.145342e-10,
          -0.69859433,
          0,
          -0.6571064,
          0.33948287,
          0.6730251,
          0,
          0.23716083,
          0.94061226,
          -0.24290614,
          0,
          -0.28127432,
          14.775808,
          -5.2312617,
          1
        ]
      },
      {
        "date" : 805257804.926716,
        "title" : "Untitled",
        "transform" : [
          -0.098965265,
          -1.5229077e-08,
          -0.99509096,
          0,
          -0.19723006,
          0.980161,
          0.019615235,
          0,
          0.97534925,
          0.19820298,
          -0.097001895,
          0,
          3.8937788,
          0.077382326,
          0.20453143,
          1
        ]
      },
      {
        "date" : 805257798.651265,
        "title" : "Untitled",
        "transform" : [
          -0.19145222,
          -1.55797e-08,
          -0.98150194,
          0,
          -0.36231038,
          0.92937434,
          0.070672445,
          0,
          0.9121827,
          0.36913866,
          -0.17793077,
          0,
          3.8482962,
          2.0504243,
          -1.7803439,
          1
        ]
      },
      {
        "date" : 805257789.762362,
        "title" : "Untitled",
        "transform" : [
          -0.19509107,
          -1.5369118e-08,
          -0.98078513,
          0,
          -0.3781256,
          0.92269385,
          0.07521416,
          0,
          0.9049643,
          0.3855335,
          -0.1800093,
          0,
          2.3211937,
          0.9099972,
          -1.478199,
          1
        ]
      },
      {
        "date" : 805257767.418252,
        "title" : "Untitled",
        "transform" : [
          -0.014812705,
          -1.501725e-08,
          -0.99989027,
          0,
          -0.29952466,
          0.95407826,
          0.004437257,
          0,
          0.95397353,
          0.29955748,
          -0.014132472,
          0,
          4.1108093,
          1.7350787,
          -0.50997436,
          1
        ]
      },
      {
        "date" : 805257761.23425,
        "title" : "Untitled",
        "transform" : [
          -0.08155269,
          -1.5013153e-08,
          -0.99666905,
          0,
          -0.31170946,
          0.94983506,
          0.025505705,
          0,
          0.9466712,
          0.3127512,
          -0.0774616,
          0,
          4.1861916,
          1.8995242,
          -1.3073359,
          1
        ]
      },
      {
        "date" : 805257754.149582,
        "title" : "Untitled",
        "transform" : [
          -0.089382194,
          -1.5013153e-08,
          -0.9959974,
          0,
          -0.31149942,
          0.94983506,
          0.02795439,
          0,
          0.94603324,
          0.3127512,
          -0.08489834,
          0,
          6.8548813,
          2.8401265,
          -2.3103294,
          1
        ]
      },
      {
        "date" : 805257743.434664,
        "title" : "Untitled",
        "transform" : [
          -0.23825997,
          -1.625204e-08,
          -0.9712015,
          0,
          -0.4581713,
          0.8817285,
          0.11240086,
          0,
          0.85633594,
          0.4717572,
          -0.21008058,
          0,
          5.9901285,
          5.3120384,
          -4.344636,
          1
        ]
      }
    ],
    "3BF7D3BB-91B3-4D37-A0D9-793C1E71E1AE" : [
      {
        "date" : 805257277.533562,
        "title" : "Untitled",
        "transform" : [
          0.9997585,
          -2.3317244e-11,
          0.021977305,
          0,
          0.016101286,
          0.680624,
          -0.732456,
          0,
          -0.014958277,
          0.73263294,
          0.6804597,
          0,
          -3.42265,
          3.2517536,
          10.158336,
          1
        ]
      },
      {
        "date" : 805256252.352647,
        "title" : "Untitled",
        "transform" : [
          0.9997585,
          -2.3317244e-11,
          0.021977305,
          0,
          0.016101286,
          0.680624,
          -0.732456,
          0,
          -0.014958277,
          0.73263294,
          0.6804597,
          0,
          -2.809234,
          2.906248,
          10.590114,
          1
        ]
      },
      {
        "date" : 805256238.452307,
        "title" : "Untitled",
        "transform" : [
          0.987896,
          0,
          0.15511757,
          0,
          0.109684676,
          0.7071068,
          -0.6985479,
          0,
          -0.109684706,
          0.70710677,
          0.6985481,
          0,
          -4.4455156,
          12.79917,
          19.597286,
          1
        ]
      },
      {
        "date" : 805255871.850833,
        "title" : "Untitled",
        "transform" : [
          0.98918766,
          0,
          0.14665543,
          0,
          0.10370103,
          0.7071068,
          -0.6994612,
          0,
          -0.10370106,
          0.70710677,
          0.6994614,
          0,
          -2.1093059,
          3.5313973,
          11.897168,
          1
        ]
      },
      {
        "date" : 805255856.187734,
        "title" : "Untitled",
        "transform" : [
          0.98918766,
          0,
          0.14665543,
          0,
          0.10370103,
          0.7071068,
          -0.6994612,
          0,
          -0.10370106,
          0.70710677,
          0.6994614,
          0,
          -2.0987136,
          2.300209,
          10.614347,
          1
        ]
      },
      {
        "date" : 805255840.679963,
        "title" : "Untitled",
        "transform" : [
          1,
          0,
          0,
          0,
          0,
          0.7071069,
          -0.70710677,
          0,
          0,
          0.70710677,
          0.7071069,
          0,
          1.4782994,
          25.344028,
          19.544594,
          1
        ]
      }
    ],
    "519EA424-A0B5-4541-97CF-2E5828666724" : [
      {
        "date" : 805261306.616071,
        "title" : "Untitled",
        "transform" : [
          0.75713474,
          -5.6347247e-09,
          0.6532588,
          0,
          -0.038861774,
          0.99822897,
          0.045041375,
          0,
          -0.6521018,
          -0.059489347,
          0.7557938,
          0,
          -1.299475,
          0.613259,
          2.6460662,
          1
        ]
      },
      {
        "date" : 805261305.089335,
        "title" : "Untitled",
        "transform" : [
          0.77842283,
          -5.6347247e-09,
          0.6277404,
          0,
          -0.0373437,
          0.99822897,
          0.046307784,
          0,
          -0.6266286,
          -0.059489347,
          0.7770442,
          0,
          -1.2114062,
          0.6201198,
          2.5696344,
          1
        ]
      },
      {
        "date" : 805261297.189756,
        "title" : "Untitled",
        "transform" : [
          0.80329156,
          -1.0372571e-08,
          0.59558606,
          0,
          0.10037814,
          0.9856954,
          -0.13538404,
          0,
          -0.5870664,
          0.1685365,
          0.7918008,
          0,
          -0.933815,
          1.8393928,
          2.5631404,
          1
        ]
      },
      {
        "date" : 805261290.548015,
        "title" : "Untitled",
        "transform" : [
          0.67664504,
          -1.0323058e-08,
          0.73630947,
          0,
          0.13695848,
          0.98254853,
          -0.1258604,
          0,
          -0.7234598,
          0.18600646,
          0.6648365,
          0,
          -0.29905987,
          1.2298187,
          1.4616318,
          1
        ]
      },
      {
        "date" : 805261257.699611,
        "title" : "Untitled",
        "transform" : [
          0.67664504,
          -1.0323058e-08,
          0.73630947,
          0,
          0.13695848,
          0.98254853,
          -0.1258604,
          0,
          -0.7234598,
          0.18600646,
          0.6648365,
          0,
          -1.8050842,
          1.6170282,
          2.84562,
          1
        ]
      },
      {
        "date" : 805261251.630221,
        "title" : "Untitled",
        "transform" : [
          0.971516,
          -1.13436505e-08,
          0.2369741,
          0,
          0.063807935,
          0.96306723,
          -0.2615913,
          0,
          -0.2282221,
          0.26926082,
          0.93563527,
          0,
          0.83738685,
          2.1580162,
          5.5799828,
          1
        ]
      },
      {
        "date" : 805261248.818718,
        "title" : "Untitled",
        "transform" : [
          0.80190045,
          -1.2855855e-08,
          0.5974577,
          0,
          0.24442202,
          0.91248804,
          -0.32806015,
          0,
          -0.5451731,
          0.40910327,
          0.7317246,
          0,
          -0.83892727,
          3.0596082,
          3.4850662,
          1
        ]
      },
      {
        "date" : 805261221.088699,
        "title" : "Untitled",
        "transform" : [
          0.9994044,
          -1.331638e-08,
          0.03450991,
          0,
          0.015437584,
          0.89436567,
          -0.44707015,
          0,
          -0.030864514,
          0.4473365,
          0.89383304,
          0,
          2.0629017,
          3.3043964,
          5.6375313,
          1
        ]
      },
      {
        "date" : 805261208.474004,
        "title" : "Untitled",
        "transform" : [
          0.99796,
          -1.2645588e-08,
          -0.0638426,
          0,
          -0.056448773,
          0.46713307,
          -0.8823833,
          0,
          0.029822968,
          0.884187,
          0.46618018,
          0,
          2.4523182,
          4.785813,
          1.5582291,
          1
        ]
      },
      {
        "date" : 805261193.514882,
        "title" : "Untitled",
        "transform" : [
          0.99796,
          -1.2645588e-08,
          -0.0638426,
          0,
          -0.056448773,
          0.46713307,
          -0.8823833,
          0,
          0.029822968,
          0.884187,
          0.46618018,
          0,
          2.0793746,
          4.808914,
          1.5382732,
          1
        ]
      }
    ],
    "5C2E3C2D-7175-462E-BFBB-81CA5B8B7A96" : [
      {
        "date" : 805283523.711848,
        "title" : "Untitled",
        "transform" : [
          -0.017666839,
          -2.6578115e-09,
          0.9998439,
          0,
          0.85623163,
          0.5163705,
          0.015129083,
          0,
          -0.51629,
          0.8563652,
          -0.009122518,
          0,
          0.12887764,
          19.374018,
          13.868109,
          1
        ]
      },
      {
        "date" : 805283522.395776,
        "title" : "Untitled",
        "transform" : [
          -0.017666839,
          -2.6578115e-09,
          0.9998439,
          0,
          0.85623163,
          0.5163705,
          0.015129083,
          0,
          -0.51629,
          0.8563652,
          -0.009122518,
          0,
          -2.2168083,
          17.888514,
          7.172432,
          1
        ]
      },
      {
        "date" : 805282245.002431,
        "title" : "Untitled",
        "transform" : [
          -0.99602,
          -2.4441111e-09,
          0.089129716,
          0,
          0.05385665,
          0.7967962,
          0.6018432,
          0,
          -0.07101835,
          0.604248,
          -0.7936251,
          0,
          6.0068717,
          11.4067545,
          -15.997644,
          1
        ]
      },
      {
        "date" : 805282227.947957,
        "title" : "Untitled",
        "transform" : [
          0.6694399,
          -3.6368277e-09,
          0.7428663,
          0,
          0.42144844,
          0.82349217,
          -0.3797919,
          0,
          -0.6117445,
          0.5673275,
          0.5512786,
          0,
          -0.2802763,
          10.497939,
          19.864561,
          1
        ]
      },
      {
        "date" : 805282221.950721,
        "title" : "Untitled",
        "transform" : [
          0.6694399,
          1.7669635e-09,
          0.7428663,
          0,
          0.59720474,
          0.5947378,
          -0.53817606,
          0,
          -0.44181073,
          0.80391973,
          0.3981414,
          0,
          3.0634851,
          16.483875,
          16.851303,
          1
        ]
      },
      {
        "date" : 805282202.305778,
        "title" : "Untitled",
        "transform" : [
          0.9888487,
          5.9262746e-09,
          -0.14892408,
          0,
          -0.079574056,
          0.845279,
          -0.5283668,
          0,
          0.12588248,
          0.5343251,
          0.83585304,
          0,
          19.120222,
          9.691403,
          22.98337,
          1
        ]
      },
      {
        "date" : 805282057.457776,
        "title" : "Untitled",
        "transform" : [
          -0.1325314,
          5.1528684e-08,
          0.9911788,
          0,
          0.19924298,
          0.979588,
          0.026640773,
          0,
          -0.9709469,
          0.20101598,
          -0.12982611,
          0,
          -11.118022,
          1.7866838,
          4.3779783,
          1
        ]
      },
      {
        "date" : 805282046.492987,
        "title" : "Untitled",
        "transform" : [
          0.031101298,
          5.2686726e-08,
          0.99951625,
          0,
          0.35310587,
          0.9355189,
          -0.010987552,
          0,
          -0.9350664,
          0.35327658,
          0.029095901,
          0,
          -10.056554,
          5.3491,
          8.107561,
          1
        ]
      },
      {
        "date" : 805276391.915021,
        "title" : "Untitled",
        "transform" : [
          0.74693966,
          5.2140834e-08,
          0.66489184,
          0,
          0.6174976,
          0.37078404,
          -0.6936972,
          0,
          -0.24653135,
          0.9287191,
          0.2769534,
          0,
          9.270201,
          17.62059,
          23.33744,
          1
        ]
      },
      {
        "date" : 805276385.605292,
        "title" : "Untitled",
        "transform" : [
          0.81968045,
          3.9009095e-08,
          0.5728211,
          0,
          0.4528479,
          0.61238784,
          -0.64800453,
          0,
          -0.35078874,
          0.79055744,
          0.5019624,
          0,
          9.24868,
          12.17726,
          27.030552,
          1
        ]
      }
    ],
    "7392CD47-E9AE-4BFF-A2E0-48E50AA3C29C" : [
      {
        "date" : 805260419.322944,
        "title" : "Untitled",
        "transform" : [
          -0.73909986,
          -4.2014662e-08,
          -0.6735959,
          0,
          -0.1240094,
          0.98290735,
          0.13606876,
          0,
          0.66208225,
          0.18410076,
          -0.72646683,
          0,
          5.6755743,
          2.656393,
          -6.609521,
          1
        ]
      },
      {
        "date" : 805260416.264491,
        "title" : "Untitled",
        "transform" : [
          -0.8123801,
          -3.4934605e-08,
          -0.58312833,
          0,
          -0.22520606,
          0.92241365,
          0.31374386,
          0,
          0.5378854,
          0.38620344,
          -0.74935055,
          0,
          4.2489824,
          4.648377,
          -6.5851107,
          1
        ]
      },
      {
        "date" : 805260411.489439,
        "title" : "Untitled",
        "transform" : [
          -0.8123801,
          -3.4934605e-08,
          -0.58312833,
          0,
          -0.22520609,
          0.92241377,
          0.3137439,
          0,
          0.5378854,
          0.38620344,
          -0.74935055,
          0,
          -1.0798541,
          3.3971024,
          -7.0502625,
          1
        ]
      },
      {
        "date" : 805260019.438347,
        "title" : "Untitled",
        "transform" : [
          -0.99990505,
          -3.8354678e-08,
          -0.013781611,
          0,
          -0.0037946282,
          0.96134657,
          0.27531525,
          0,
          0.013248714,
          0.2753415,
          -0.9612552,
          0,
          -5.73996,
          2.6378775,
          -5.261348,
          1
        ]
      },
      {
        "date" : 805260009.91348,
        "title" : "Untitled",
        "transform" : [
          -0.9173619,
          -3.8367148e-08,
          -0.39805412,
          0,
          -0.10477909,
          0.9647336,
          0.24147561,
          0,
          0.384016,
          0.26322842,
          -0.88500994,
          0,
          0.54028034,
          1.9794538,
          -3.0298762,
          1
        ]
      },
      {
        "date" : 805260006.99289,
        "title" : "Untitled",
        "transform" : [
          -0.9173619,
          -3.8367148e-08,
          -0.39805412,
          0,
          -0.10477909,
          0.9647336,
          0.24147561,
          0,
          0.384016,
          0.26322842,
          -0.88500994,
          0,
          0.14293778,
          1.4730532,
          -3.3529067,
          1
        ]
      },
      {
        "date" : 805260005.025841,
        "title" : "Untitled",
        "transform" : [
          -0.9173619,
          -3.8367148e-08,
          -0.39805412,
          0,
          -0.10477909,
          0.9647336,
          0.24147561,
          0,
          0.384016,
          0.26322842,
          -0.88500994,
          0,
          0.28167117,
          1.8845756,
          -3.1703095,
          1
        ]
      },
      {
        "date" : 805260002.193711,
        "title" : "Untitled",
        "transform" : [
          -0.9210747,
          -3.8367148e-08,
          -0.3893859,
          0,
          -0.10249737,
          0.9647336,
          0.24245292,
          0,
          0.37565348,
          0.26322842,
          -0.88859177,
          0,
          -0.9944476,
          1.0323269,
          -0.31897414,
          1
        ]
      },
      {
        "date" : 805259999.501605,
        "title" : "Untitled",
        "transform" : [
          -0.9210747,
          -3.8367148e-08,
          -0.3893859,
          0,
          -0.10249737,
          0.9647336,
          0.24245292,
          0,
          0.37565348,
          0.26322842,
          -0.88859177,
          0,
          -0.5323043,
          1.3561597,
          -1.4121538,
          1
        ]
      },
      {
        "date" : 805259995.983092,
        "title" : "Untitled",
        "transform" : [
          -0.9210747,
          -3.8367148e-08,
          -0.3893859,
          0,
          -0.10249737,
          0.9647336,
          0.24245292,
          0,
          0.37565348,
          0.26322842,
          -0.88859177,
          0,
          1.361578,
          2.6832442,
          -5.892037,
          1
        ]
      }
    ],
    "9363087E-D181-45F8-A67B-9B641AA88437" : [
      {
        "date" : 805258245.453185,
        "title" : "Untitled",
        "transform" : [
          0.9891672,
          2.2890587e-08,
          0.1467929,
          0,
          0.08074387,
          0.8351297,
          -0.54409444,
          0,
          -0.122591,
          0.55005306,
          0.826083,
          0,
          -1.3562775,
          5.6648674,
          6.8807583,
          1
        ]
      },
      {
        "date" : 805258221.136876,
        "title" : "Untitled",
        "transform" : [
          0.99990326,
          2.2785782e-08,
          0.013905428,
          0,
          0.008195886,
          0.8078398,
          -0.58934504,
          0,
          -0.011233249,
          0.5894021,
          0.8077617,
          0,
          -0.16890082,
          4.801663,
          4.398613,
          1
        ]
      },
      {
        "date" : 805258152.319172,
        "title" : "Untitled",
        "transform" : [
          0.87574434,
          2.0584825e-08,
          -0.48277512,
          0,
          -0.27153343,
          0.8268362,
          -0.49255615,
          0,
          0.39917603,
          0.56244284,
          0.724097,
          0,
          3.2155254,
          5.252185,
          5.081931,
          1
        ]
      },
      {
        "date" : 805258148.702747,
        "title" : "Untitled",
        "transform" : [
          0.87574434,
          2.0584825e-08,
          -0.48277512,
          0,
          -0.27153343,
          0.8268362,
          -0.49255615,
          0,
          0.39917603,
          0.56244284,
          0.724097,
          0,
          1.2067263,
          5.308008,
          6.14597,
          1
        ]
      },
      {
        "date" : 805258126.292573,
        "title" : "Untitled",
        "transform" : [
          0.87574434,
          2.0584825e-08,
          -0.48277512,
          0,
          -0.27153343,
          0.8268362,
          -0.49255615,
          0,
          0.39917603,
          0.56244284,
          0.724097,
          0,
          0.96947503,
          5.0102615,
          6.5080347,
          1
        ]
      },
      {
        "date" : 805258116.294278,
        "title" : "Untitled",
        "transform" : [
          0.99886256,
          1.4830167e-08,
          0.047684096,
          0,
          0.0071098283,
          0.9888217,
          -0.14893344,
          0,
          -0.047150947,
          0.14910306,
          0.9876968,
          0,
          2.1645257,
          0.72131175,
          2.6672523,
          1
        ]
      },
      {
        "date" : 805258110.035494,
        "title" : "Untitled",
        "transform" : [
          0.98836344,
          1.5386565e-08,
          0.15211095,
          0,
          -0.006003969,
          0.9992207,
          0.039011575,
          0,
          -0.15199229,
          -0.03947087,
          0.98759323,
          0,
          1.9053323,
          0.19782552,
          2.3501868,
          1
        ]
      },
      {
        "date" : 805258101.309791,
        "title" : "Untitled",
        "transform" : [
          0.99999195,
          1.5346187e-08,
          -0.0040038405,
          0,
          2.4203086e-06,
          0.9999998,
          0.00060848816,
          0,
          0.004003971,
          -0.0006084784,
          0.9999918,
          0,
          2.3055496,
          0.30451593,
          2.7607355,
          1
        ]
      },
      {
        "date" : 805258092.809978,
        "title" : "Untitled",
        "transform" : [
          0.8912916,
          1.5269642e-08,
          -0.45343044,
          0,
          -0.093842775,
          0.97834903,
          -0.18446326,
          0,
          0.44361338,
          0.20696175,
          0.87199426,
          0,
          3.6889915,
          2.0280414,
          3.991929,
          1
        ]
      },
      {
        "date" : 805258088.926887,
        "title" : "Untitled",
        "transform" : [
          0.9952746,
          1.817635e-08,
          -0.0970997,
          0,
          0.025113523,
          0.9659747,
          0.25741452,
          0,
          0.09379599,
          -0.25863665,
          0.96141016,
          0,
          3.069319,
          0.3656556,
          3.6483572,
          1
        ]
      }
    ],
    "B1E3E060-D38E-4C18-98B1-6A338088AD91" : [
      {
        "date" : 805274110.906219,
        "title" : "Untitled",
        "transform" : [
          0.37878525,
          -4.4298516e-09,
          0.9254846,
          0,
          0.50504476,
          0.8379751,
          -0.20670632,
          0,
          -0.775533,
          0.5457084,
          0.31741256,
          0,
          -2.8523884,
          1.9675477,
          0.6181896,
          1
        ]
      },
      {
        "date" : 805268999.756143,
        "title" : "Untitled",
        "transform" : [
          0.9940195,
          3.0821798e-09,
          0.109202765,
          0,
          0.054373242,
          0.8672282,
          -0.49493313,
          0,
          -0.09470373,
          0.49791086,
          0.8620417,
          0,
          -0.3722313,
          2.3047423,
          3.4118702,
          1
        ]
      },
      {
        "date" : 805268998.271476,
        "title" : "Untitled",
        "transform" : [
          0.99401957,
          -3.0632918e-09,
          0.10920286,
          0,
          0.03816016,
          0.93695754,
          -0.34735358,
          0,
          -0.102318294,
          0.34944326,
          0.93135417,
          0,
          -0.24134064,
          0.62261057,
          1.8343374,
          1
        ]
      },
      {
        "date" : 805268989.640541,
        "title" : "Untitled",
        "transform" : [
          0.99952084,
          -1.2514028e-09,
          0.030953977,
          0,
          0.002503749,
          0.99672323,
          -0.08084924,
          0,
          -0.03085239,
          0.08088782,
          0.9962457,
          0,
          0.109949306,
          -0.25039583,
          2.374927,
          1
        ]
      },
      {
        "date" : 805268983.985457,
        "title" : "Untitled",
        "transform" : [
          0.99952084,
          -1.2514028e-09,
          0.030953977,
          0,
          0.002503749,
          0.99672323,
          -0.08084924,
          0,
          -0.03085239,
          0.08088782,
          0.9962457,
          0,
          0.22415414,
          1.1482669,
          3.3659914,
          1
        ]
      },
      {
        "date" : 805258900.874835,
        "title" : "Untitled",
        "transform" : [
          0.99164766,
          -1.2808026e-09,
          -0.12897672,
          0,
          -0.0028836026,
          0.9997501,
          -0.022170372,
          0,
          0.12894464,
          0.022356937,
          0.99139977,
          0,
          4.628086,
          2.782292,
          11.503534,
          1
        ]
      },
      {
        "date" : 805258894.008889,
        "title" : "Untitled",
        "transform" : [
          0.99811566,
          -4.8402676e-10,
          -0.06136051,
          0,
          -0.018073322,
          0.9556384,
          -0.29398727,
          0,
          0.05863862,
          0.29454216,
          0.95383775,
          0,
          0.18260837,
          5.7683654,
          11.374361,
          1
        ]
      },
      {
        "date" : 805258889.842743,
        "title" : "Untitled",
        "transform" : [
          0.99811566,
          -4.8402676e-10,
          -0.06136051,
          0,
          -0.018073322,
          0.9556384,
          -0.29398727,
          0,
          0.05863862,
          0.29454216,
          0.95383775,
          0,
          -2.3331804,
          3.6754432,
          12.175309,
          1
        ]
      },
      {
        "date" : 805258875.547195,
        "title" : "Untitled",
        "transform" : [
          0.9961776,
          7.89087e-09,
          0.08735175,
          0,
          0.07335633,
          0.54292464,
          -0.83657134,
          0,
          -0.04742526,
          0.83978134,
          0.5408494,
          0,
          -0.11083603,
          13.638172,
          6.9768906,
          1
        ]
      },
      {
        "date" : 805258873.175122,
        "title" : "Untitled",
        "transform" : [
          0.9923044,
          7.875393e-09,
          0.1238229,
          0,
          0.10377623,
          0.5455129,
          -0.83165264,
          0,
          -0.06754684,
          0.8381024,
          0.54131484,
          0,
          -0.32516384,
          13.619629,
          6.907551,
          1
        ]
      }
    ],
    "D03B4EF4-C4BF-4C89-A17A-65EAA3D34554" : [
      {
        "date" : 805260495.389394,
        "title" : "Untitled",
        "transform" : [
          0.98968446,
          -1.3282242e-08,
          0.14326453,
          0,
          0.04517939,
          0.9489734,
          -0.31210318,
          0,
          -0.13595423,
          0.31535625,
          0.9391842,
          0,
          -1.5312269,
          1.6280571,
          2.0867198,
          1
        ]
      },
      {
        "date" : 805260464.90295,
        "title" : "Untitled",
        "transform" : [
          0.9970251,
          -1.3282242e-08,
          0.07707806,
          0,
          0.024307067,
          0.9489734,
          -0.3144181,
          0,
          -0.07314502,
          0.31535625,
          0.9461503,
          0,
          -0.85322726,
          3.371924,
          5.581663,
          1
        ]
      },
      {
        "date" : 805260460.569463,
        "title" : "Untitled",
        "transform" : [
          0.9991298,
          -1.3509498e-08,
          0.04170949,
          0,
          0.008138499,
          0.9807788,
          -0.19495323,
          0,
          -0.040907774,
          0.19512299,
          0.9799253,
          0,
          -0.67233497,
          2.6723511,
          5.890417,
          1
        ]
      },
      {
        "date" : 805258627.964943,
        "title" : "Untitled",
        "transform" : [
          0.9991299,
          -1.35095e-08,
          0.041709494,
          0,
          0.008138499,
          0.9807788,
          -0.19495323,
          0,
          -0.040907774,
          0.19512299,
          0.9799253,
          0,
          -0.9951315,
          3.9553807,
          8.718481,
          1
        ]
      },
      {
        "date" : 805258616.864739,
        "title" : "Untitled",
        "transform" : [
          0.9968486,
          -1.5091246e-08,
          0.07932793,
          0,
          0.0755674,
          0.30424097,
          -0.94959307,
          0,
          -0.024134787,
          0.95259506,
          0.30328223,
          0,
          -0.76822615,
          8.550222,
          2.549992,
          1
        ]
      },
      {
        "date" : 805258614.004551,
        "title" : "Untitled",
        "transform" : [
          0.9968486,
          -1.5091246e-08,
          0.07932793,
          0,
          0.0755674,
          0.30424097,
          -0.94959307,
          0,
          -0.024134787,
          0.95259506,
          0.30328223,
          0,
          2.925735,
          8.998903,
          1.4346602,
          1
        ]
      },
      {
        "date" : 805258605.272484,
        "title" : "Untitled",
        "transform" : [
          0.99684834,
          -1.5091242e-08,
          0.07932791,
          0,
          0.075567394,
          0.30424094,
          -0.94959295,
          0,
          -0.024134787,
          0.95259506,
          0.30328223,
          0,
          4.319672,
          9.20788,
          0.889201,
          1
        ]
      },
      {
        "date" : 805258589.889808,
        "title" : "Untitled",
        "transform" : [
          0.9861347,
          -8.9531e-09,
          0.16594647,
          0,
          0.030221956,
          0.9832766,
          -0.1795935,
          0,
          -0.16317128,
          0.18211856,
          0.9696433,
          0,
          4.3637934,
          2.8116853,
          5.721772,
          1
        ]
      },
      {
        "date" : 805258581.331342,
        "title" : "Untitled",
        "transform" : [
          0.9861347,
          -8.9531e-09,
          0.16594647,
          0,
          0.030221956,
          0.9832766,
          -0.1795935,
          0,
          -0.16317128,
          0.18211856,
          0.9696433,
          0,
          3.5579312,
          1.3016486,
          5.238628,
          1
        ]
      },
      {
        "date" : 805258571.514234,
        "title" : "Untitled",
        "transform" : [
          0.9861347,
          -8.9531e-09,
          0.16594647,
          0,
          0.030221956,
          0.9832766,
          -0.1795935,
          0,
          -0.16317128,
          0.18211856,
          0.9696433,
          0,
          0.26710305,
          3.0412023,
          5.278264,
          1
        ]
      }
    ],
    "DBB2D800-D8AA-457E-8BB1-18A4020A9954" : [
      {
        "date" : 805255962.000832,
        "title" : "Untitled",
        "transform" : [
          1,
          0,
          0,
          0,
          0,
          0.7071069,
          -0.70710677,
          0,
          0,
          0.70710677,
          0.7071069,
          0,
          0,
          5.678629,
          5.678629,
          1
        ]
      }
    ],
    "E3582EC2-19E2-4A9F-A588-C4A8F112DE56" : [
      {
        "date" : 805258578.274211,
        "title" : "Untitled",
        "transform" : [
          0.9993895,
          9.62642e-10,
          0.034937136,
          0,
          0.018999783,
          0.8391965,
          -0.5434962,
          0,
          -0.029319063,
          0.54382825,
          0.8386842,
          0,
          -1.6654477,
          4.071489,
          12.024241,
          1
        ]
      },
      {
        "date" : 805258386.873689,
        "title" : "Untitled",
        "transform" : [
          0.99947846,
          3.301768e-09,
          0.03228951,
          0,
          0.029650392,
          0.39596057,
          -0.9177886,
          0,
          -0.012785316,
          0.9182675,
          0.39575413,
          0,
          2.448011,
          14.888202,
          4.4004154,
          1
        ]
      },
      {
        "date" : 805258375.74888,
        "title" : "Untitled",
        "transform" : [
          0.99185896,
          3.5963872e-09,
          -0.12734105,
          0,
          -0.036311775,
          0.9584817,
          -0.2828322,
          0,
          0.12205412,
          0.2851536,
          0.95067877,
          0,
          1.1239362,
          1.1645632,
          3.92838,
          1
        ]
      },
      {
        "date" : 805258358.906906,
        "title" : "Untitled",
        "transform" : [
          0.065470554,
          8.292404e-09,
          0.99785453,
          0,
          0.770136,
          0.63587534,
          -0.050529636,
          0,
          -0.63451105,
          0.7717918,
          0.041631155,
          0,
          -11.824506,
          25.399887,
          2.5413892,
          1
        ]
      },
      {
        "date" : 805258350.981068,
        "title" : "Untitled",
        "transform" : [
          -0.2392448,
          1.1301519e-08,
          0.9709593,
          0,
          0.07745116,
          0.99681354,
          0.019084,
          0,
          -0.96786535,
          0.079767644,
          -0.2384824,
          0,
          -26.49168,
          10.3751335,
          -3.1198187,
          1
        ]
      },
      {
        "date" : 805258344.801587,
        "title" : "Untitled",
        "transform" : [
          0.94649917,
          1.1505296e-08,
          0.32270628,
          0,
          0.05655312,
          0.98452467,
          -0.16587058,
          0,
          -0.31771225,
          0.17524639,
          0.93185174,
          0,
          -3.2836046,
          8.372441,
          16.299835,
          1
        ]
      },
      {
        "date" : 805258336.725193,
        "title" : "Untitled",
        "transform" : [
          0.94649917,
          1.1505296e-08,
          0.32270628,
          0,
          0.05655312,
          0.98452467,
          -0.16587058,
          0,
          -0.31771222,
          0.17524637,
          0.9318516,
          0,
          -0.3386659,
          3.2375753,
          6.547453,
          1
        ]
      },
      {
        "date" : 805258329.152569,
        "title" : "Untitled",
        "transform" : [
          0.97551286,
          9.709084e-09,
          -0.21994255,
          0,
          -0.11599671,
          0.84962,
          -0.5144811,
          0,
          0.18686758,
          0.5273955,
          0.82881504,
          0,
          5.809436,
          2.665064,
          0.5414392,
          1
        ]
      },
      {
        "date" : 805258296.506973,
        "title" : "Untitled",
        "transform" : [
          0.97551274,
          9.709083e-09,
          -0.21994253,
          0,
          -0.11599671,
          0.84962,
          -0.5144811,
          0,
          0.18686758,
          0.5273955,
          0.82881504,
          0,
          3.846237,
          3.5568247,
          2.5581207,
          1
        ]
      },
      {
        "date" : 805258294.581968,
        "title" : "Untitled",
        "transform" : [
          0.97752035,
          8.114313e-09,
          0.21084122,
          0,
          0.12801749,
          0.7945683,
          -0.5935258,
          0,
          -0.16752769,
          0.6071749,
          0.7767066,
          0,
          2.4891205,
          3.8636203,
          3.5868154,
          1
        ]
      }
    ],
    "F6C3FA21-6DD1-469C-BC87-CA54368D3735" : [
      {
        "date" : 805259074.092487,
        "title" : "Untitled",
        "transform" : [
          0.999963,
          0,
          0.008605851,
          0,
          0.0060852543,
          0.7071068,
          -0.70708054,
          0,
          -0.0060852566,
          0.70710677,
          0.7070807,
          0,
          -4.3422484,
          7.4252157,
          6.4768224,
          1
