{
  "advancedEditorSelectedIdentifier" : "ProjectBrowser",
  "openSceneRelativePaths" : [
    "Assets\/Fence.usda",
    "Assets\/FenchPole.usda",
    "Assets\/FenceShort.usda",
    "Scenes\/EnviScene.usda",
    "Scenes\/Immersive.usda"
  ],
  "recentIdentifiers" : {
    "0CB919D4-471B-4DD5-BDEC-B08B1AD93AF8" : [

    ],
    "10F4656C-1D6D-4BA7-9C51-112A5AA94702" : [

    ],
    "3B86FAFA-86E9-4E44-84DB-4F9A1EF629C1" : [

    ],
    "3BF7D3BB-91B3-4D37-A0D9-793C1E71E1AE" : [

    ],
    "56786D30-3741-42C8-B4AF-0C26A6EFB0FF" : [

    ],
    "5C2E3C2D-7175-462E-BFBB-81CA5B8B7A96" : [

    ],
    "7392CD47-E9AE-4BFF-A2E0-48E50AA3C29C" : [

    ],
    "9EE76536-4C15-4203-8152-94BD0E91B5FD" : [

    ],
    "A2516ECF-E888-45C4-8776-0FFE7F4B3C04" : [

    ],
    "B1E3E060-D38E-4C18-98B1-6A338088AD91" : [

    ],
    "B965C361-4FE1-40A2-9077-DE1D9DD05473" : [

    ],
    "D03B4EF4-C4BF-4C89-A17A-65EAA3D34554" : [

    ],
    "DBB2D800-D8AA-457E-8BB1-18A4020A9954" : [

    ],
    "EA45A956-E81B-4CC6-B9A0-EF59EC338DF4" : [

    ],
    "F1B8A198-F192-469B-A3BD-49604098CAA7" : [

    ],
    "F6C3FA21-6DD1-469C-BC87-CA54368D3735" : [

    ],
    "F903EBAA-0E45-4A59-89AA-5455AB31C67F" : [

    ]
  },
  "sceneCameraHistory" : {
    "10F4656C-1D6D-4BA7-9C51-112A5AA94702" : [
      {
        "date" : 805259104.18645,
        "title" : "Untitled",
        "transform" : [
          0.9956917,
          2.6452707e-09,
          -0.0927257,
          0,
          -0.08241697,
          0.4582462,
          -0.884996,
          0,
          0.042491194,
          0.8888254,
          0.45627183,
          0,
          0.2092868,
          4.377835,
          2.2473283,
          1
        ]
      }
    ],
    "1A04EAF0-8FAE-45B1-BCEE-AD12ECD05C80" : [
      {
        "date" : 805257969.941214,
        "title" : "Untitled",
        "transform" : [
          -0.31300566,
          9.525688e-09,
          -0.9497513,
          0,
          -0.1670556,
          0.98440915,
          0.055055756,
          0,
          0.9349439,
          0.17589392,
          -0.3081256,
          0,
          8.454937,
          1.5893221,
          -4.2992177,
          1
        ]
      },
      {
        "date" : 805257834.313653,
        "title" : "Untitled",
        "transform" : [
          -0.4733816,
          1.7986417e-09,
          -0.8808575,
          0,
          -0.74830276,
          0.5275625,
          0.4021453,
          0,
          0.4647075,
          0.8495162,
          -0.2497384,
          0,
          2.7192063,
          12.989916,
          -4.2658744,
          1
        ]
      },
      {
        "date" : 805257826.858722,
        "title" : "Untitled",
        "transform" : [
          -0.7155181,
          -6.145342e-10,
          -0.69859433,
          0,
          -0.6571064,
          0.33948287,
          0.6730251,
          0,
          0.23716083,
          0.94061226,
          -0.24290614,
          0,
          -0.28127432,
          14.775808,
          -5.2312617,
          1
        ]
      },
      {
        "date" : 805257804.926716,
        "title" : "Untitled",
        "transform" : [
          -0.098965265,
          -1.5229077e-08,
          -0.99509096,
          0,
          -0.19723006,
          0.980161,
          0.019615235,
          0,
          0.97534925,
          0.19820298,
          -0.097001895,
          0,
          3.8937788,
          0.077382326,
          0.20453143,
          1
        ]
      },
      {
        "date" : 805257798.651265,
        "title" : "Untitled",
        "transform" : [
          -0.19145222,
          -1.55797e-08,
          -0.98150194,
          0,
          -0.36231038,
          0.92937434,
          0.070672445,
          0,
          0.9121827,
          0.36913866,
          -0.17793077,
          0,
          3.8482962,
          2.0504243,
          -1.7803439,
          1
        ]
      },
      {
        "date" : 805257789.762362,
        "title" : "Untitled",
        "transform" : [
          -0.19509107,
          -1.5369118e-08,
          -0.98078513,
          0,
          -0.3781256,
          0.92269385,
          0.07521416,
          0,
          0.9049643,
          0.3855335,
          -0.1800093,
          0,
          2.3211937,
          0.9099972,
          -1.478199,
          1
        ]
      },
      {
        "date" : 805257767.418252,
        "title" : "Untitled",
        "transform" : [
          -0.014812705,
          -1.501725e-08,
          -0.99989027,
          0,
          -0.29952466,
          0.95407826,
          0.004437257,
          0,
          0.95397353,
          0.29955748,
          -0.014132472,
          0,
          4.1108093,
          1.7350787,
          -0.50997436,
          1
        ]
      },
      {
        "date" : 805257761.23425,
        "title" : "Untitled",
        "transform" : [
          -0.08155269,
          -1.5013153e-08,
          -0.99666905,
          0,
          -0.31170946,
          0.94983506,
          0.025505705,
          0,
          0.9466712,
          0.3127512,
          -0.0774616,
          0,
          4.1861916,
          1.8995242,
          -1.3073359,
          1
        ]
      },
      {
        "date" : 805257754.149582,
        "title" : "Untitled",
        "transform" : [
          -0.089382194,
          -1.5013153e-08,
          -0.9959974,
          0,
          -0.31149942,
          0.94983506,
          0.02795439,
          0,
          0.94603324,
          0.3127512,
          -0.08489834,
          0,
          6.8548813,
          2.8401265,
          -2.3103294,
          1
        ]
      },
      {
        "date" : 805257743.434664,
        "title" : "Untitled",
        "transform" : [
          -0.23825997,
          -1.625204e-08,
          -0.9712015,
          0,
          -0.4581713,
          0.8817285,
          0.11240086,
          0,
          0.85633594,
          0.4717572,
          -0.21008058,
          0,
          5.9901285,
          5.3120384,
          -4.344636,
          1
        ]
      }
    ],
    "3B86FAFA-86E9-4E44-84DB-4F9A1EF629C1" : [
      {
        "date" : 805379516.174333,
        "title" : "Untitled",
        "transform" : [
          0.344514,
          -6.156945e-09,
          0.93878114,
          0,
          0.26076606,
          0.9606474,
          -0.09569589,
          0,
          -0.90183765,
          0.27777088,
          0.3309565,
          0,
          -5.058442,
          5.3254733,
          9.038255,
          1
        ]
      },
      {
        "date" : 805379506.742096,
        "title" : "Untitled",
        "transform" : [
          -0.935606,
          -1.0651645e-08,
          0.35304588,
          0,
          0.07818341,
          0.97517073,
          0.20719382,
          0,
          -0.34428,
          0.22145414,
          -0.9123757,
          0,
          0.6035156,
          1.2724833,
          -7.3207307,
          1
        ]
      },
      {
        "date" : 805379495.790697,
        "title" : "Untitled",
        "transform" : [
          -0.9992831,
          -1.38421745e-08,
          -0.037857734,
          0,
          -0.004843341,
          0.9917828,
          0.12784192,
          0,
          0.037546657,
          0.12793364,
          -0.99107176,
          0,
          0.21086025,
          1.841358,
          -12.624176,
          1
        ]
      },
      {
        "date" : 805379491.685917,
        "title" : "Untitled",
        "transform" : [
          -0.9992831,
          -1.38421745e-08,
          -0.037857734,
          0,
          -0.004843341,
          0.9917828,
          0.12784192,
          0,
          0.037546657,
          0.12793364,
          -0.99107176,
          0,
          0.3857488,
          1.3162315,
          -10.184462,
          1
        ]
      },
      {
        "date" : 805379485.082533,
        "title" : "Untitled",
        "transform" : [
          -0.9714917,
          -1.4183367e-08,
          0.23707357,
          0,
          0.12887819,
          0.8393307,
          0.5281236,
          0,
          -0.1989831,
          0.5436213,
          -0.81540275,
          0,
          -0.10869713,
          0.29816067,
          -0.44440988,
          1
        ]
      },
      {
        "date" : 805379445.603504,
        "title" : "Untitled",
        "transform" : [
          0.05733875,
          -2.6701192e-08,
          0.9983548,
          0,
          0.6329418,
          0.7733456,
          -0.036351874,
          0,
          -0.7720732,
          0.6339848,
          0.044342678,
          0,
          -0.4206296,
          0.34740528,
          0.024399027,
          1
        ]
      },
      {
        "date" : 805379442.707849,
        "title" : "Untitled",
        "transform" : [
          0.99979407,
          -2.6526257e-08,
          -0.020293461,
          0,
          -0.009521473,
          0.88309723,
          -0.46909353,
          0,
          0.017921071,
          0.46919018,
          0.8829154,
          0,
          -0.7286477,
          4.376871,
          4.7184377,
          1
        ]
      },
      {
        "date" : 805379432.911271,
        "title" : "Untitled",
        "transform" : [
          0.86324,
          -2.6461294e-08,
          -0.50479364,
          0,
          -0.2754074,
          0.83805597,
          -0.47097006,
          0,
          0.42304537,
          0.5455842,
          0.72344357,
          0,
          4.279345,
          5.1132374,
          7.0946965,
          1
        ]
      },
      {
        "date" : 805379426.569388,
        "title" : "Untitled",
        "transform" : [
          0.49375153,
          -2.5993835e-08,
          0.869603,
          0,
          0.38335428,
          0.8975865,
          -0.21766455,
          0,
          -0.780544,
          0.44083825,
          0.44318473,
          0,
          -0.45704603,
          0.24434948,
          0.26727104,
          1
        ]
      },
      {
        "date" : 805379424.789644,
        "title" : "Untitled",
        "transform" : [
          0.4937516,
          -6.641689e-09,
          0.86960304,
          0,
          0.3833543,
          0.8975866,
          -0.21766457,
          0,
          -0.780544,
          0.4408383,
          0.4431847,
          0,
          -3.1021552,
          5.5075073,
          5.2066655,
          1
        ]
      }
    ],
    "3BF7D3BB-91B3-4D37-A0D9-793C1E71E1AE" : [
      {
        "date" : 805257277.533562,
        "title" : "Untitled",
        "transform" : [
          0.9997585,
          -2.3317244e-11,
          0.021977305,
          0,
          0.016101286,
          0.680624,
          -0.732456,
          0,
          -0.014958277,
          0.73263294,
          0.6804597,
          0,
          -3.42265,
          3.2517536,
          10.158336,
          1
        ]
      },
      {
        "date" : 805256252.352647,
        "title" : "Untitled",
        "transform" : [
          0.9997585,
          -2.3317244e-11,
          0.021977305,
          0,
          0.016101286,
          0.680624,
          -0.732456,
          0,
          -0.014958277,
          0.73263294,
          0.6804597,
          0,
          -2.809234,
          2.906248,
          10.590114,
          1
        ]
      },
      {
        "date" : 805256238.452307,
        "title" : "Untitled",
        "transform" : [
          0.987896,
          0,
          0.15511757,
          0,
          0.109684676,
          0.7071068,
          -0.6985479,
          0,
          -0.109684706,
          0.70710677,
          0.6985481,
          0,
          -4.4455156,
          12.79917,
          19.597286,
          1
        ]
      },
      {
        "date" : 805255871.850833,
        "title" : "Untitled",
        "transform" : [
          0.98918766,
          0,
          0.14665543,
          0,
          0.10370103,
          0.7071068,
          -0.6994612,
          0,
          -0.10370106,
          0.70710677,
          0.6994614,
          0,
          -2.1093059,
          3.5313973,
          11.897168,
          1
        ]
      },
      {
        "date" : 805255856.187734,
        "title" : "Untitled",
        "transform" : [
          0.98918766,
          0,
          0.14665543,
          0,
          0.10370103,
          0.7071068,
          -0.6994612,
          0,
          -0.10370106,
          0.70710677,
          0.6994614,
          0,
          -2.0987136,
          2.300209,
          10.614347,
          1
        ]
      },
      {
        "date" : 805255840.679963,
        "title" : "Untitled",
        "transform" : [
          1,
          0,
          0,
          0,
          0,
          0.7071069,
          -0.70710677,
          0,
          0,
          0.70710677,
          0.7071069,
          0,
          1.4782994,
          25.344028,
          19.544594,
          1
        ]
      }
    ],
    "519EA424-A0B5-4541-97CF-2E5828666724" : [
      {
        "date" : 805261306.616071,
        "title" : "Untitled",
        "transform" : [
          0.75713474,
          -5.6347247e-09,
          0.6532588,
          0,
          -0.038861774,
          0.99822897,
          0.045041375,
          0,
          -0.6521018,
          -0.059489347,
          0.7557938,
          0,
          -1.299475,
          0.613259,
          2.6460662,
          1
        ]
      },
      {
        "date" : 805261305.089335,
        "title" : "Untitled",
        "transform" : [
          0.77842283,
          -5.6347247e-09,
          0.6277404,
          0,
          -0.0373437,
          0.99822897,
          0.046307784,
          0,
          -0.6266286,
          -0.059489347,
          0.7770442,
          0,
          -1.2114062,
          0.6201198,
          2.5696344,
          1
        ]
      },
      {
        "date" : 805261297.189756,
        "title" : "Untitled",
        "transform" : [
          0.80329156,
          -1.0372571e-08,
          0.59558606,
          0,
          0.10037814,
          0.9856954,
          -0.13538404,
          0,
          -0.5870664,
          0.1685365,
          0.7918008,
          0,
          -0.933815,
          1.8393928,
          2.5631404,
          1
        ]
      },
      {
        "date" : 805261290.548015,
        "title" : "Untitled",
        "transform" : [
          0.67664504,
          -1.0323058e-08,
          0.73630947,
          0,
          0.13695848,
          0.98254853,
          -0.1258604,
          0,
          -0.7234598,
          0.18600646,
          0.6648365,
          0,
          -0.29905987,
          1.2298187,
          1.4616318,
          1
        ]
      },
      {
        "date" : 805261257.699611,
        "title" : "Untitled",
        "transform" : [
          0.67664504,
          -1.0323058e-08,
          0.73630947,
          0,
          0.13695848,
          0.98254853,
          -0.1258604,
          0,
          -0.7234598,
          0.18600646,
          0.6648365,
          0,
          -1.8050842,
          1.6170282,
          2.84562,
          1
        ]
      },
      {
        "date" : 805261251.630221,
        "title" : "Untitled",
        "transform" : [
          0.971516,
          -1.13436505e-08,
          0.2369741,
          0,
          0.063807935,
          0.96306723,
          -0.2615913,
          0,
          -0.2282221,
          0.26926082,
          0.93563527,
          0,
          0.83738685,
          2.1580162,
          5.5799828,
          1
        ]
      },
      {
        "date" : 805261248.818718,
        "title" : "Untitled",
        "transform" : [
          0.80190045,
          -1.2855855e-08,
          0.5974577,
          0,
          0.24442202,
          0.91248804,
          -0.32806015,
          0,
          -0.5451731,
          0.40910327,
          0.7317246,
          0,
          -0.83892727,
          3.0596082,
          3.4850662,
          1
        ]
      },
      {
        "date" : 805261221.088699,
        "title" : "Untitled",
        "transform" : [
          0.9994044,
          -1.331638e-08,
          0.03450991,
          0,
          0.015437584,
          0.89436567,
          -0.44707015,
          0,
          -0.030864514,
          0.4473365,
          0.89383304,
          0,
          2.0629017,
          3.3043964,
          5.6375313,
          1
        ]
      },
      {
        "date" : 805261208.474004,
        "title" : "Untitled",
        "transform" : [
          0.99796,
          -1.2645588e-08,
          -0.0638426,
          0,
          -0.056448773,
          0.46713307,
          -0.8823833,
          0,
          0.029822968,
          0.884187,
          0.46618018,
          0,
          2.4523182,
          4.785813,
          1.5582291,
          1
        ]
      },
      {
        "date" : 805261193.514882,
        "title" : "Untitled",
        "transform" : [
          0.99796,
          -1.2645588e-08,
          -0.0638426,
          0,
          -0.056448773,
          0.46713307,
          -0.8823833,
          0,
          0.029822968,
          0.884187,
          0.46618018,
          0,
          2.0793746,
          4.808914,
          1.5382732,
          1
        ]
      }
    ],
    "5C2E3C2D-7175-462E-BFBB-81CA5B8B7A96" : [
      {
        "date" : 805283523.711848,
        "title" : "Untitled",
        "transform" : [
          -0.017666839,
          -2.6578115e-09,
          0.9998439,
          0,
          0.85623163,
          0.5163705,
          0.015129083,
          0,
          -0.51629,
          0.8563652,
          -0.009122518,
          0,
          0.12887764,
          19.374018,
          13.868109,
          1
        ]
      },
      {
        "date" : 805283522.395776,
        "title" : "Untitled",
        "transform" : [
          -0.017666839,
          -2.6578115e-09,
          0.9998439,
          0,
          0.85623163,
          0.5163705,
          0.015129083,
          0,
          -0.51629,
          0.8563652,
          -0.009122518,
          0,
          -2.2168083,
          17.888514,
          7.172432,
          1
        ]
      },
      {
        "date" : 805282245.002431,
        "title" : "Untitled",
        "transform" : [
          -0.99602,
          -2.4441111e-09,
          0.089129716,
          0,
          0.05385665,
          0.7967962,
          0.6018432,
          0,
          -0.07101835,
          0.604248,
          -0.7936251,
          0,
          6.0068717,
          11.4067545,
          -15.997644,
          1
        ]
      },
      {
        "date" : 805282227.947957,
        "title" : "Untitled",
        "transform" : [
          0.6694399,
          -3.6368277e-09,
          0.7428663,
          0,
          0.42144844,
          0.82349217,
          -0.3797919,
          0,
          -0.6117445,
          0.5673275,
          0.5512786,
          0,
          -0.2802763,
          10.497939,
          19.864561,
          1
        ]
      },
      {
        "date" : 805282221.950721,
        "title" : "Untitled",
        "transform" : [
          0.6694399,
          1.7669635e-09,
          0.7428663,
          0,
          0.59720474,
          0.5947378,
          -0.53817606,
          0,
          -0.44181073,
          0.80391973,
          0.3981414,
          0,
          3.0634851,
          16.483875,
          16.851303,
          1
        ]
      },
      {
        "date" : 805282202.305778,
        "title" : "Untitled",
        "transform" : [
          0.9888487,
          5.9262746e-09,
          -0.14892408,
          0,
          -0.079574056,
          0.845279,
          -0.5283668,
          0,
          0.12588248,
          0.5343251,
          0.83585304,
          0,
          19.120222,
          9.691403,
          22.98337,
          1
        ]
      },
      {
        "date" : 805282057.457776,
        "title" : "Untitled",
        "transform" : [
          -0.1325314,
          5.1528684e-08,
          0.9911788,
          0,
          0.19924298,
          0.979588,
          0.026640773,
          0,
          -0.9709469,
          0.20101598,
          -0.12982611,
          0,
          -11.118022,
          1.7866838,
          4.3779783,
          1
        ]
      },
      {
        "date" : 805282046.492987,
        "title" : "Untitled",
        "transform" : [
          0.031101298,
          5.2686726e-08,
          0.99951625,
          0,
          0.35310587,
          0.9355189,
          -0.010987552,
          0,
          -0.9350664,
          0.35327658,
          0.029095901,
          0,
          -10.056554,
          5.3491,
          8.107561,
          1
        ]
      },
      {
        "date" : 805276391.915021,
        "title" : "Untitled",
        "transform" : [
          0.74693966,
          5.2140834e-08,
          0.66489184,
          0,
          0.6174976,
          0.37078404,
          -0.6936972,
          0,
          -0.24653135,
          0.9287191,
          0.2769534,
          0,
          9.270201,
          17.62059,
          23.33744,
          1
        ]
      },
      {
        "date" : 805276385.605292,
        "title" : "Untitled",
        "transform" : [
          0.81968045,
          3.9009095e-08,
          0.5728211,
          0,
          0.4528479,
          0.61238784,
          -0.64800453,
          0,
          -0.35078874,
          0.79055744,
          0.5019624,
          0,
          9.24868,
          12.17726,
          27.030552,
          1
        ]
      }
    ],
    "7392CD47-E9AE-4BFF-A2E0-48E50AA3C29C" : [
      {
        "date" : 805379392.594136,
        "title" : "Untitled",
        "transform" : [
          -0.72949654,
          -4.4878313e-08,
          0.6839846,
          0,
          0.24522156,
          0.9335224,
          0.26153845,
          0,
          -0.6385149,
          0.35851914,
          -0.6810012,
          0,
          -5.8286867,
          4.4037585,
          -5.7250805,
          1
        ]
      },
      {
        "date" : 805379333.220121,
        "title" : "Untitled",
        "transform" : [
          -0.72949654,
          -4.4878313e-08,
          0.6839846,
          0,
          0.24522156,
          0.9335224,
          0.26153845,
          0,
          -0.6385149,
          0.35851914,
          -0.6810012,
          0,
          -0.03233125,
          1.1491688,
          0.45695722,
          1
        ]
      },
      {
        "date" : 805379269.694835,
        "title" : "Untitled",
        "transform" : [
          0.81854147,
          -4.081804e-08,
          0.5744476,
          0,
          0.070256665,
          0.9924928,
          -0.100110136,
          0,
          -0.57013494,
          0.12230313,
          0.81239647,
          0,
          -1.4761832,
          1.3618109,
          2.5573683,
          1
        ]
      },
      {
        "date" : 805379259.56865,
        "title" : "Untitled",
        "transform" : [
          0.7375003,
          -3.9774335e-08,
          -0.67534685,
          0,
          -0.48438105,
          0.6968333,
          -0.5289595,
          0,
          0.47060427,
          0.71723306,
          0.5139147,
          0,
          0.6680846,
          2.1866896,
          1.553522,
          1
        ]
      },
      {
        "date" : 805379171.014325,
        "title" : "Untitled",
        "transform" : [
          0.87079877,
          -4.2165183e-08,
          -0.49163967,
          0,
          -0.1076186,
          0.9757478,
          -0.19061546,
          0,
          0.4797164,
          0.21889734,
          0.84967995,
          0,
          0.43171877,
          2.4948924,
          0.81645334,
          1
        ]
      },
      {
        "date" : 805379142.151469,
        "title" : "Untitled",
        "transform" : [
          0.89970934,
          -4.2023984e-08,
          -0.4364896,
          0,
          -0.111824036,
          0.9666265,
          -0.23049603,
          0,
          0.42192248,
          0.2561895,
          0.8696829,
          0,
          0.37997577,
          2.5303385,
          0.8415514,
          1
        ]
      },
      {
        "date" : 805379102.750026,
        "title" : "Untitled",
        "transform" : [
          0.9994368,
          -4.2739515e-08,
          -0.033559233,
          0,
          -0.006004615,
          0.9838626,
          -0.17882477,
          0,
          0.033017717,
          0.17892562,
          0.9833084,
          0,
          0.019727703,
          2.407714,
          3.272398,
          1
        ]
      },
      {
        "date" : 805379073.244364,
        "title" : "Untitled",
        "transform" : [
          0.68563455,
          -4.0631228e-08,
          -0.727946,
          0,
          -0.45463902,
          0.78098434,
          -0.4282134,
          0,
          0.5685144,
          0.6245506,
          0.5354698,
          0,
          4.3322363,
          5.576469,
          4.339674,
          1
        ]
      },
      {
        "date" : 805378984.455495,
        "title" : "Untitled",
        "transform" : [
          0.970105,
          -4.0759016e-08,
          -0.24268545,
          0,
          -0.14899373,
          0.78935444,
          -0.59558403,
          0,
          0.19156487,
          0.61393774,
          0.76575667,
          0,
          1.3225149,
          5.4931192,
          6.06421,
          1
        ]
      },
      {
        "date" : 805378946.010753,
        "title" : "Untitled",
        "transform" : [
          0.97010505,
          -4.3967685e-08,
          -0.24268545,
          0,
          -0.1489937,
          0.7893545,
          -0.5955841,
          0,
          0.19156487,
          0.6139377,
          0.7657568,
          0,
          1.3225157,
          5.4931207,
          6.06421,
          1
        ]
      }
    ],
    "9363087E-D181-45F8-A67B-9B641AA88437" : [
      {
        "date" : 805258245.453185,
        "title" : "Untitled",
        "transform" : [
          0.9891672,
          2.2890587e-08,
          0.1467929,
          0,
          0.08074387,
          0.8351297,
          -0.54409444,
          0,
          -0.122591,
          0.55005306,
          0.826083,
          0,
          -1.3562775,
          5.6648674,
          6.8807583,
          1
        ]
      },
      {
        "date" : 805258221.136876,
        "title" : "Untitled",
        "transform" : [
          0.99990326,
          2.2785782e-08,
          0.013905428,
          0,
          0.008195886,
          0.8078398,
          -0.58934504,
          0,
          -0.011233249,
          0.5894021,
          0.8077617,
          0,
          -0.16890082,
          4.801663,
          4.398613,
          1
        ]
      },
      {
        "date" : 805258152.319172,
        "title" : "Untitled",
        "transform" : [
          0.87574434,
          2.0584825e-08,
          -0.48277512,
          0,
          -0.27153343,
          0.8268362,
          -0.49255615,
          0,
          0.39917603,
          0.56244284,
          0.724097,
          0,
          3.2155254,
          5.252185,
          5.081931,
          1
        ]
      },
      {
        "date" : 805258148.702747,
        "title" : "Untitled",
        "transform" : [
          0.87574434,
          2.0584825e-08,
          -0.48277512,
          0,
          -0.27153343,
          0.8268362,
          -0.49255615,
          0,
          0.39917603,
          0.56244284,
          0.724097,
          0,
          1.2067263,
          5.308008,
          6.14597,
          1
        ]
      },
      {
        "date" : 805258126.292573,
        "title" : "Untitled",
        "transform" : [
          0.87574434,
          2.0584825e-08,
          -0.48277512,
          0,
          -0.27153343,
          0.8268362,
          -0.49255615,
          0,
          0.39917603,
          0.56244284,
          0.724097,
          0,
          0.96947503,
          5.0102615,
          6.5080347,
          1
        ]
      },
      {
        "date" : 805258116.294278,
        "title" : "Untitled",
        "transform" : [
          0.99886256,
          1.4830167e-08,
          0.047684096,
          0,
          0.0071098283,
          0.9888217,
          -0.14893344,
          0,
          -0.047150947,
          0.14910306,
          0.9876968,
          0,
          2.1645257,
          0.72131175,
          2.6672523,
          1
        ]
      },
      {
        "date" : 805258110.035494,
        "title" : "Untitled",
        "transform" : [
          0.98836344,
          1.5386565e-08,
          0.15211095,
          0,
          -0.006003969,
          0.9992207,
          0.039011575,
          0,
          -0.15199229,
          -0.03947087,
          0.98759323,
          0,
          1.9053323,
          0.19782552,
          2.3501868,
          1
        ]
      },
      {
        "date" : 805258101.309791,
        "title" : "Untitled",
        "transform" : [
          0.99999195,
          1.5346187e-08,
          -0.0040038405,
          0,
          2.4203086e-06,
          0.9999998,
          0.00060848816,
          0,
          0.004003971,
          -0.0006084784,
          0.9999918,
          0,
          2.3055496,
          0.30451593,
          2.7607355,
          1
        ]
      },
      {
        "date" : 805258092.809978,
        "title" : "Untitled",
        "transform" : [
          0.8912916,
          1.5269642e-08,
          -0.45343044,
          0,
          -0.093842775,
          0.97834903,
          -0.18446326,
          0,
          0.44361338,
          0.20696175,
          0.87199426,
          0,
          3.6889915,
          2.0280414,
          3.991929,
          1
        ]
      },
      {
        "date" : 805258088.926887,
        "title" : "Untitled",
        "transform" : [
          0.9952746,
          1.817635e-08,
          -0.0970997,
          0,
          0.025113523,
          0.9659747,
          0.25741452,
          0,
          0.09379599,
          -0.25863665,
          0.96141016,
          0,
          3.069319,
          0.3656556,
          3.6483572,
          1
        ]
      }
    ],
    "9EE76536-4C15-4203-8152-94BD0E91B5FD" : [
      {
        "date" : 805359433.749129,
        "title" : "Untitled",
        "transform" : [
          1,
          0,
          0,
          0,
          0,
          0.7071069,
          -0.70710677,
          0,
          0,
          0.70710677,
          0.7071069,
          0,
          0.36675322,
          3.3975403,
          1.500696,
          1
        ]
      }
    ],
    "A2516ECF-E888-45C4-8776-0FFE7F4B3C04" : [
      {
        "date" : 805378810.09575,
        "title" : "Untitled",
        "transform" : [
          0.9931316,
          -3.1192329e-09,
          0.11700306,
          0,
          0.023942877,
          0.9788384,
          -0.20322913,
          0,
          -0.114527084,
          0.20463453,
          0.9721154,
          0,
          -0.31622416,
          2.7771702,
          6.026609,
          1
        ]
      },
      {
        "date" : 805378804.050121,
        "title" : "Untitled",
        "transform" : [
          0.82133657,
          -2.9912224e-09,
          -0.570444,
          0,
          -0.21191663,
          0.92843527,
          -0.30512178,
          0,
          0.52962035,
          0.37149414,
          0.76255786,
          0,
          3.429268,
          3.7806954,
          4.251958,
          1
        ]
      },
      {
        "date" : 805378780.503706,
        "title" : "Untitled",
        "transform" : [
          0.9999038,
          0,
          0.013869794,
          0,
          0.009807426,
          0.7071069,
          -0.70703876,
          0,
          -0.0098074265,
          0.70710677,
          0.7070389,
          0,
          -0.040037274,
          2.886652,
          2.8863745,
          1
        ]
      }
    ],
    "B1E3E060-D38E-4C18-98B1-6A338088AD91" : [
      {
        "date" : 805274110.906219,
        "title" : "Untitled",
        "transform" : [
          0.37878525,
          -4.4298516e-09,
          0.9254846,
          0,
          0.50504476,
          0.8379751,
          -0.20670632,
          0,
          -0.775533,
          0.5457084,
          0.31741256,
          0,
          -2.8523884,
          1.9675477,
          0.6181896,
          1
        ]
      },
      {
        "date" : 805268999.756143,
        "title" : "Untitled",
        "transform" : [
          0.9940195,
          3.0821798e-09,
          0.109202765,
          0,
          0.054373242,
          0.8672282,
          -0.49493313,
          0,
          -0.09470373,
          0.49791086,
          0.8620417,
          0,
          -0.3722313,
          2.3047423,
          3.4118702,
          1
        ]
      },
      {
        "date" : 805268998.271476,
        "title" : "Untitled",
        "transform" : [
          0.99401957,
          -3.0632918e-09,
          0.10920286,
          0,
          0.03816016,
          0.93695754,
          -0.34735358,
          0,
          -0.102318294,
          0.34944326,
          0.93135417,
          0,
          -0.24134064,
          0.62261057,
          1.8343374,
          1
        ]
      },
      {
        "date" : 805268989.640541,
        "title" : "Untitled",
        "transform" : [
          0.99952084,
          -1.2514028e-09,
          0.030953977,
          0,
          0.002503749,
          0.99672323,
          -0.08084924,
          0,
          -0.03085239,
          0.08088782,
          0.9962457,
          0,
          0.109949306,
          -0.25039583,
          2.374927,
          1
        ]
      },
      {
        "date" : 805268983.985457,
        "title" : "Untitled",
        "transform" : [
          0.99952084,
          -1.2514028e-09,
          0.030953977,
          0,
          0.002503749,
          0.99672323,
          -0.08084924,
          0,
          -0.03085239,
          0.08088782,
          0.9962457,
          0,
          0.22415414,
          1.1482669,
          3.3659914,
          1
        ]
      },
      {
        "date" : 805258900.874835,
        "title" : "Untitled",
        "transform" : [
          0.99164766,
          -1.2808026e-09,
          -0.12897672,
          0,
          -0.0028836026,
          0.9997501,
          -0.022170372,
          0,
          0.12894464,
          0.022356937,
          0.99139977,
          0,
          4.628086,
          2.782292,
          11.503534,
          1
        ]
      },
      {
        "date" : 805258894.008889,
        "title" : "Untitled",
        "transform" : [
          0.99811566,
          -4.8402676e-10,
          -0.06136051,
          0,
          -0.018073322,
          0.9556384,
          -0.29398727,
          0,
          0.05863862,
          0.29454216,
          0.95383775,
          0,
          0.18260837,
          5.7683654,
          11.374361,
          1
        ]
      },
      {
        "date" : 805258889.842743,
        "title" : "Untitled",
        "transform" : [
          0.99811566,
          -4.8402676e-10,
          -0.06136051,
          0,
          -0.018073322,
          0.9556384,
          -0.29398727,
          0,
          0.05863862,
          0.29454216,
          0.95383775,
          0,
          -2.3331804,
          3.6754432,
          12.175309,
          1
        ]
      },
      {
        "date" : 805258875.547195,
        "title" : "Untitled",
        "transform" : [
          0.9961776,
          7.89087e-09,
          0.08735175,
          0,
          0.07335633,
          0.54292464,
          -0.83657134,
          0,
          -0.04742526,
          0.83978134,
          0.5408494,
          0,
          -0.11083603,
          13.638172,
          6.9768906,
          1
        ]
      },
      {
        "date" : 805258873.175122,
        "title" : "Untitled",
        "transform" : [
          0.9923044,
          7.875393e-09,
          0.1238229,
          0,
          0.10377623,
          0.5455129,
          -0.83165264,
          0,
          -0.06754684,
          0.8381024,
          0.54131484,
          0,
          -0.32516384,
          13.619629,
          6.907551,
          1
        ]
      }
    ],
    "D03B4EF4-C4BF-4C89-A17A-65EAA3D34554" : [
      {
        "date" : 805260495.389394,
        "title" : "Untitled",
        "transform" : [
          0.98968446,
          -1.3282242e-08,
          0.14326453,
          0,
          0.04517939,
          0.9489734,
          -0.31210318,
          0,
          -0.13595423,
          0.31535625,
          0.9391842,
          0,
          -1.5312269,
          1.6280571,
          2.0867198,
          1
        ]
      },
      {
        "date" : 805260464.90295,
        "title" : "Untitled",
        "transform" : [
          0.9970251,
          -1.3282242e-08,
          0.07707806,
          0,
          0.024307067,
          0.9489734,
          -0.3144181,
          0,
          -0.07314502,
          0.31535625,
          0.9461503,
          0,
          -0.85322726,
          3.371924,
          5.581663,
          1
        ]
      },
      {
        "date" : 805260460.569463,
        "title" : "Untitled",
        "transform" : [
          0.9991298,
          -1.3509498e-08,
          0.04170949,
          0,
          0.008138499,
          0.9807788,
          -0.19495323,
          0,
          -0.040907774,
          0.19512299,
          0.9799253,
          0,
          -0.67233497,
          2.6723511,
          5.890417,
          1
        ]
      },
      {
        "date" : 805258627.964943,
        "title" : "Untitled",
        "transform" : [
          0.9991299,
          -1.35095e-08,
          0.041709494,
          0,
          0.008138499,
          0.9807788,
          -0.19495323,
          0,
          -0.040907774,
          0.19512299,
          0.9799253,
          0,
          -0.9951315,
          3.9553807,
          8.718481,
          1
        ]
      },
      {
        "date" : 805258616.864739,
        "title" : "Untitled",
        "transform" : [
          0.9968486,
          -1.5091246e-08,
          0.07932793,
          0,
          0.0755674,
          0.30424097,
          -0.94959307,
          0,
          -0.024134787,
          0.95259506,
          0.30328223,
          0,
          -0.76822615,
          8.550222,
          2.549992,
          1
        ]
      },
      {
        "date" : 805258614.004551,
        "title" : "Untitled",
        "transform" : [
          0.9968486,
          -1.5091246e-08,
          0.07932793,
          0,
          0.0755674,
          0.30424097,
          -0.94959307,
          0,
          -0.024134787,
          0.95259506,
          0.30328223,
          0,
          2.925735,
          8.998903,
          1.4346602,
          1
        ]
      },
      {
        "date" : 805258605.272484,
        "title" : "Untitled",
        "transform" : [
          0.99684834,
          -1.5091242e-08,
          0.07932791,
          0,
          0.075567394,
          0.30424094,
          -0.94959295,
          0,
          -0.024134787,
          0.95259506,
          0.30328223,
          0,
          4.319672,
          9.20788,
          0.889201,
          1
        ]
      },
      {
        "date" : 805258589.889808,
        "title" : "Untitled",
        "transform" : [
          0.9861347,
          -8.9531e-09,
          0.16594647,
          0,
          0.030221956,
          0.9832766,
          -0.1795935,
