{
  "advancedEditorSelectedIdentifier" : "BehaviorsPluginID",
  "openSceneRelativePaths" : [
    "Assets\/Fence.usda",
    "Assets\/FenchPole.usda",
    "Assets\/FenceShort.usda",
    "Scenes\/Immersive.usda",
    "Assets\/StreetLamp.usda",
    "Scenes\/EnviScene.usda",
    "Assets\/PosSatpam.usda",
    "Assets\/Fatih.usda"
  ],
  "recentIdentifiers" : {
    "0CB919D4-471B-4DD5-BDEC-B08B1AD93AF8" : [

    ],
    "10F4656C-1D6D-4BA7-9C51-112A5AA94702" : [

    ],
    "1A1D6A5E-548E-4C23-B816-D389C578011A" : [

    ],
    "262E7451-5588-4B8A-B057-A20B16538E66" : [

    ],
    "3B86FAFA-86E9-4E44-84DB-4F9A1EF629C1" : [

    ],
    "3BF7D3BB-91B3-4D37-A0D9-793C1E71E1AE" : [

    ],
    "3D9811AB-4C6B-4602-87A0-81868911537E" : [

    ],
    "56786D30-3741-42C8-B4AF-0C26A6EFB0FF" : [

    ],
    "5C2E3C2D-7175-462E-BFBB-81CA5B8B7A96" : [

    ],
    "7392CD47-E9AE-4BFF-A2E0-48E50AA3C29C" : [

    ],
    "9EE76536-4C15-4203-8152-94BD0E91B5FD" : [

    ],
    "A2516ECF-E888-45C4-8776-0FFE7F4B3C04" : [

    ],
    "AA9D8856-4626-4D6C-933E-820129D1BD32" : [

    ],
    "B1E3E060-D38E-4C18-98B1-6A338088AD91" : [

    ],
    "B965C361-4FE1-40A2-9077-DE1D9DD05473" : [

    ],
    "D03B4EF4-C4BF-4C89-A17A-65EAA3D34554" : [

    ],
    "DBB2D800-D8AA-457E-8BB1-18A4020A9954" : [

    ],
    "EA45A956-E81B-4CC6-B9A0-EF59EC338DF4" : [

    ],
    "F1B8A198-F192-469B-A3BD-49604098CAA7" : [

    ],
    "F6C3FA21-6DD1-469C-BC87-CA54368D3735" : [

    ],
    "F903EBAA-0E45-4A59-89AA-5455AB31C67F" : [

    ],
    "FB3E4274-D8ED-408B-8AD9-6A5190953094" : [

    ]
  },
  "sceneCameraHistory" : {
    "10F4656C-1D6D-4BA7-9C51-112A5AA94702" : [
      {
        "date" : 805259104.18645,
        "title" : "Untitled",
        "transform" : [
          0.9956917,
          2.6452707e-09,
          -0.0927257,
          0,
          -0.08241697,
          0.4582462,
          -0.884996,
          0,
          0.042491194,
          0.8888254,
          0.45627183,
          0,
          0.2092868,
          4.377835,
          2.2473283,
          1
        ]
      }
    ],
    "1A04EAF0-8FAE-45B1-BCEE-AD12ECD05C80" : [
      {
        "date" : 805257969.941214,
        "title" : "Untitled",
        "transform" : [
          -0.31300566,
          9.525688e-09,
          -0.9497513,
          0,
          -0.1670556,
          0.98440915,
          0.055055756,
          0,
          0.9349439,
          0.17589392,
          -0.3081256,
          0,
          8.454937,
          1.5893221,
          -4.2992177,
          1
        ]
      },
      {
        "date" : 805257834.313653,
        "title" : "Untitled",
        "transform" : [
          -0.4733816,
          1.7986417e-09,
          -0.8808575,
          0,
          -0.74830276,
          0.5275625,
          0.4021453,
          0,
          0.4647075,
          0.8495162,
          -0.2497384,
          0,
          2.7192063,
          12.989916,
          -4.2658744,
          1
        ]
      },
      {
        "date" : 805257826.858722,
        "title" : "Untitled",
        "transform" : [
          -0.7155181,
          -6.145342e-10,
          -0.69859433,
          0,
          -0.6571064,
          0.33948287,
          0.6730251,
          0,
          0.23716083,
          0.94061226,
          -0.24290614,
          0,
          -0.28127432,
          14.775808,
          -5.2312617,
          1
        ]
      },
      {
        "date" : 805257804.926716,
        "title" : "Untitled",
        "transform" : [
          -0.098965265,
          -1.5229077e-08,
          -0.99509096,
          0,
          -0.19723006,
          0.980161,
          0.019615235,
          0,
          0.97534925,
          0.19820298,
          -0.097001895,
          0,
          3.8937788,
          0.077382326,
          0.20453143,
          1
        ]
      },
      {
        "date" : 805257798.651265,
        "title" : "Untitled",
        "transform" : [
          -0.19145222,
          -1.55797e-08,
          -0.98150194,
          0,
          -0.36231038,
          0.92937434,
          0.070672445,
          0,
          0.9121827,
          0.36913866,
          -0.17793077,
          0,
          3.8482962,
          2.0504243,
          -1.7803439,
          1
        ]
      },
      {
        "date" : 805257789.762362,
        "title" : "Untitled",
        "transform" : [
          -0.19509107,
          -1.5369118e-08,
          -0.98078513,
          0,
          -0.3781256,
          0.92269385,
          0.07521416,
          0,
          0.9049643,
          0.3855335,
          -0.1800093,
          0,
          2.3211937,
          0.9099972,
          -1.478199,
          1
        ]
      },
      {
        "date" : 805257767.418252,
        "title" : "Untitled",
        "transform" : [
          -0.014812705,
          -1.501725e-08,
          -0.99989027,
          0,
          -0.29952466,
          0.95407826,
          0.004437257,
          0,
          0.95397353,
          0.29955748,
          -0.014132472,
          0,
          4.1108093,
          1.7350787,
          -0.50997436,
          1
        ]
      },
      {
        "date" : 805257761.23425,
        "title" : "Untitled",
        "transform" : [
          -0.08155269,
          -1.5013153e-08,
          -0.99666905,
          0,
          -0.31170946,
          0.94983506,
          0.025505705,
          0,
          0.9466712,
          0.3127512,
          -0.0774616,
          0,
          4.1861916,
          1.8995242,
          -1.3073359,
          1
        ]
      },
      {
        "date" : 805257754.149582,
        "title" : "Untitled",
        "transform" : [
          -0.089382194,
          -1.5013153e-08,
          -0.9959974,
          0,
          -0.31149942,
          0.94983506,
          0.02795439,
          0,
          0.94603324,
          0.3127512,
          -0.08489834,
          0,
          6.8548813,
          2.8401265,
          -2.3103294,
          1
        ]
      },
      {
        "date" : 805257743.434664,
        "title" : "Untitled",
        "transform" : [
          -0.23825997,
          -1.625204e-08,
          -0.9712015,
          0,
          -0.4581713,
          0.8817285,
          0.11240086,
          0,
          0.85633594,
          0.4717572,
          -0.21008058,
          0,
          5.9901285,
          5.3120384,
          -4.344636,
          1
        ]
      }
    ],
    "1A1D6A5E-548E-4C23-B816-D389C578011A" : [
      {
        "date" : 805455083.053153,
        "title" : "Untitled",
        "transform" : [
          0.9959052,
          -3.121955e-10,
          -0.090404116,
          0,
          -0.026305707,
          0.9567294,
          -0.2897876,
          0,
          0.08649228,
          0.2909791,
          0.9528118,
          0,
          0.3828759,
          2.2342317,
          3.100827,
          1
        ]
      },
      {
        "date" : 805455073.665391,
        "title" : "Untitled",
        "transform" : [
          0.9959052,
          -3.121955e-10,
          -0.090404116,
          0,
          -0.026305707,
          0.9567294,
          -0.2897876,
          0,
          0.08649228,
          0.2909791,
          0.9528118,
          0,
          0.053030528,
          0.309454,
          0.42948246,
          1
        ]
      },
      {
        "date" : 805455063.724841,
        "title" : "Untitled",
        "transform" : [
          0.9959052,
          -3.121955e-10,
          -0.090404116,
          0,
          -0.026305707,
          0.9567294,
          -0.2897876,
          0,
          0.08649228,
          0.2909791,
          0.9528118,
          0,
          0.01702191,
          0.09932954,
          0.13785666,
          1
        ]
      },
      {
        "date" : 805455044.486553,
        "title" : "Untitled",
        "transform" : [
          0.9959052,
          -3.121955e-10,
          -0.090404116,
          0,
          -0.026305707,
          0.9567294,
          -0.2897876,
          0,
          0.08649228,
          0.2909791,
          0.9528118,
          0,
          0.02520746,
          0.14709544,
          0.2041496,
          1
        ]
      },
      {
        "date" : 805455002.60301,
        "title" : "Untitled",
        "transform" : [
          0.99590516,
          -6.9770933e-10,
          -0.090404116,
          0,
          -0.026305705,
          0.9567295,
          -0.2897876,
          0,
          0.08649227,
          0.29097918,
          0.9528117,
          0,
          -0.15190184,
          1.8701929,
          1.9177661,
          1
        ]
      },
      {
        "date" : 805454866.830659,
        "title" : "Untitled",
        "transform" : [
          0.99590516,
          -6.9770933e-10,
          -0.090404116,
          0,
          -0.026305705,
          0.9567295,
          -0.2897876,
          0,
          0.08649227,
          0.29097918,
          0.9528117,
          0,
          -1.2204456,
          15.025946,
          15.40817,
          1
        ]
      },
      {
        "date" : 805454861.091348,
        "title" : "Untitled",
        "transform" : [
          0.99820405,
          1.957361e-10,
          0.059906505,
          0,
          0.026767133,
          0.8946264,
          -0.44601262,
          0,
          -0.05359394,
          0.44681513,
          0.89301956,
          0,
          -3.353071,
          17.361212,
          12.329861,
          1
        ]
      },
      {
        "date" : 805454790.089028,
        "title" : "Untitled",
        "transform" : [
          1,
          0,
          0,
          0,
          0,
          0.7071069,
          -0.70710677,
          0,
          0,
          0.70710677,
          0.7071069,
          0,
          3.7546768,
          18.442507,
          8.353678,
          1
        ]
      }
    ],
    "262E7451-5588-4B8A-B057-A20B16538E66" : [
      {
        "date" : 805609885.972294,
        "title" : "Untitled",
        "transform" : [
          1,
          0,
          0,
          0,
          0,
          0.7071069,
          -0.70710677,
          0,
          0,
          0.70710677,
          0.7071069,
          0,
          0,
          6346.7437,
          6346.745,
          1
        ]
      }
    ],
    "3B86FAFA-86E9-4E44-84DB-4F9A1EF629C1" : [
      {
        "date" : 805603075.606056,
        "title" : "Untitled",
        "transform" : [
          0.9608933,
          7.81211e-08,
          -0.27691886,
          0,
          -0.0475506,
          0.985147,
          -0.16499783,
          0,
          0.27280572,
          0.17171295,
          0.9466212,
          0,
          9.181732,
          -1.5508273,
          7.727445,
          1
        ]
      },
      {
        "date" : 805603068.490938,
        "title" : "Untitled",
        "transform" : [
          0.77283543,
          7.898748e-08,
          0.6346065,
          0,
          0.24304554,
          0.923754,
          -0.2959854,
          0,
          -0.5862203,
          0.38298628,
          0.7139098,
          0,
          2.9536731,
          1.4916843,
          7.247975,
          1
        ]
      },
      {
        "date" : 805603057.941052,
        "title" : "Untitled",
        "transform" : [
          -0.01561625,
          8.286375e-08,
          -0.9998781,
          0,
          -0.46681,
          0.88432765,
          0.0072907493,
          0,
          0.88421977,
          0.4668669,
          -0.01380974,
          0,
          10.327747,
          2.0227914,
          -2.5378563,
          1
        ]
      },
      {
        "date" : 805603048.546653,
        "title" : "Untitled",
        "transform" : [
          -0.052198984,
          8.286375e-08,
          -0.9986367,
          0,
          -0.46623045,
          0.88432765,
          0.024370018,
          0,
          0.88312197,
          0.4668669,
          -0.046160858,
          0,
          4.0388303,
          2.131112,
          -0.21791098,
          1
        ]
      },
      {
        "date" : 805603031.430417,
        "title" : "Untitled",
        "transform" : [
          -0.5134333,
          8.288184e-08,
          0.8581295,
          0,
          0.52272797,
          0.79305637,
          0.31275687,
          0,
          -0.68054503,
          0.60914814,
          -0.40718168,
          0,
          -3.1167445,
          2.781932,
          -1.8568867,
          1
        ]
      },
      {
        "date" : 805603010.611845,
        "title" : "Untitled",
        "transform" : [
          0.081494235,
          8.7129926e-08,
          -0.9966738,
          0,
          -0.29539743,
          0.9550692,
          -0.024153443,
          0,
          0.95189244,
          0.29638326,
          0.0778327,
          0,
          4.3535037,
          1.3514335,
          0.34915555,
          1
        ]
      },
      {
        "date" : 805603005.974825,
        "title" : "Untitled",
        "transform" : [
          -0.11275142,
          -1.1325033e-09,
          -0.99362326,
          0,
          0.01630726,
          0.99986535,
          -0.001850401,
          0,
          0.9934894,
          -0.016412,
          -0.11273629,
          0,
          3.4383645,
          -0.4524939,
          -1.1118793,
          1
        ]
      },
      {
        "date" : 805602992.409536,
        "title" : "Untitled",
        "transform" : [
          -0.2413161,
          -1.2442719e-09,
          -0.9704465,
          0,
          0.02963174,
          0.9995338,
          -0.0073683094,
          0,
          0.96999407,
          -0.030534202,
          -0.24120365,
          0,
          2.2791023,
          0.23665905,
          0.9200673,
          1
        ]
      },
      {
        "date" : 805602977.230077,
        "title" : "Untitled",
        "transform" : [
          -0.1925162,
          -2.21806e-09,
          -0.98129374,
          0,
          -0.030269435,
          0.9995242,
          0.005938508,
          0,
          0.9808268,
          0.030846374,
          -0.19242461,
          0,
          1.8164961,
          0.027686449,
          0.13549298,
          1
        ]
      },
      {
        "date" : 805602971.505769,
        "title" : "Untitled",
        "transform" : [
          -0.7118396,
          1.2100116e-09,
          -0.702342,
          0,
          -0.34154046,
          0.8737986,
          0.34615916,
          0,
          0.61370546,
          0.48628795,
          -0.6220045,
          0,
          1.4869838,
          0.43647078,
          -0.25007895,
          1
        ]
      }
    ],
    "3BF7D3BB-91B3-4D37-A0D9-793C1E71E1AE" : [
      {
        "date" : 805257277.533562,
        "title" : "Untitled",
        "transform" : [
          0.9997585,
          -2.3317244e-11,
          0.021977305,
          0,
          0.016101286,
          0.680624,
          -0.732456,
          0,
          -0.014958277,
          0.73263294,
          0.6804597,
          0,
          -3.42265,
          3.2517536,
          10.158336,
          1
        ]
      },
      {
        "date" : 805256252.352647,
        "title" : "Untitled",
        "transform" : [
          0.9997585,
          -2.3317244e-11,
          0.021977305,
          0,
          0.016101286,
          0.680624,
          -0.732456,
          0,
          -0.014958277,
          0.73263294,
          0.6804597,
          0,
          -2.809234,
          2.906248,
          10.590114,
          1
        ]
      },
      {
        "date" : 805256238.452307,
        "title" : "Untitled",
        "transform" : [
          0.987896,
          0,
          0.15511757,
          0,
          0.109684676,
          0.7071068,
          -0.6985479,
          0,
          -0.109684706,
          0.70710677,
          0.6985481,
          0,
          -4.4455156,
          12.79917,
          19.597286,
          1
        ]
      },
      {
        "date" : 805255871.850833,
        "title" : "Untitled",
        "transform" : [
          0.98918766,
          0,
          0.14665543,
          0,
          0.10370103,
          0.7071068,
          -0.6994612,
          0,
          -0.10370106,
          0.70710677,
          0.6994614,
          0,
          -2.1093059,
          3.5313973,
          11.897168,
          1
        ]
      },
      {
        "date" : 805255856.187734,
        "title" : "Untitled",
        "transform" : [
          0.98918766,
          0,
          0.14665543,
          0,
          0.10370103,
          0.7071068,
          -0.6994612,
          0,
          -0.10370106,
          0.70710677,
          0.6994614,
          0,
          -2.0987136,
          2.300209,
          10.614347,
          1
        ]
      },
      {
        "date" : 805255840.679963,
        "title" : "Untitled",
        "transform" : [
          1,
          0,
          0,
          0,
          0,
          0.7071069,
          -0.70710677,
          0,
          0,
          0.70710677,
          0.7071069,
          0,
          1.4782994,
          25.344028,
          19.544594,
          1
        ]
      }
    ],
    "3D9811AB-4C6B-4602-87A0-81868911537E" : [
      {
        "date" : 805612770.585323,
        "title" : "Untitled",
        "transform" : [
          0.97475,
          3.6919115e-08,
          0.22329889,
          0,
          0.1880636,
          0.53915524,
          -0.82094073,
          0,
          -0.12039272,
          0.84220636,
          0.5255416,
          0,
          4.206292,
          13.314718,
          4.6606812,
          1
        ]
      },
      {
        "date" : 805612763.728636,
        "title" : "Untitled",
        "transform" : [
          0.97475,
          3.6919115e-08,
          0.22329889,
          0,
          0.1880636,
          0.53915524,
          -0.82094073,
          0,
          -0.12039272,
          0.84220636,
          0.5255416,
          0,
          -2.2670555,
          21.110775,
          23.041342,
          1
        ]
      },
      {
        "date" : 805612759.645676,
        "title" : "Untitled",
        "transform" : [
          0.97475,
          3.6919115e-08,
          0.22329889,
          0,
          0.1880636,
          0.53915524,
          -0.82094073,
          0,
          -0.12039272,
          0.84220636,
          0.5255416,
          0,
          3.3550804,
          7.1145115,
          -0.8495574,
          1
        ]
      },
      {
        "date" : 805612742.244948,
        "title" : "Untitled",
        "transform" : [
          0.97475,
          3.6919115e-08,
          0.22329889,
          0,
          0.1880636,
          0.53915524,
          -0.82094073,
          0,
          -0.12039272,
          0.84220636,
          0.5255416,
          0,
          0.55161667,
          6.391441,
          -0.33302498,
          1
        ]
      },
      {
        "date" : 805612719.152531,
        "title" : "Untitled",
        "transform" : [
          0.97475,
          3.6919115e-08,
          0.22329889,
          0,
          0.1880636,
          0.53915524,
          -0.82094073,
          0,
          -0.12039272,
          0.84220636,
          0.5255416,
          0,
          -0.105400085,
          14.964766,
          3.3514147,
          1
        ]
      },
      {
        "date" : 805612708.727528,
        "title" : "Untitled",
        "transform" : [
          0.99193275,
          3.6679573e-08,
          0.12676525,
          0,
          0.10814151,
          0.5217703,
          -0.846204,
          0,
          -0.06614228,
          0.853086,
          0.517561,
          0,
          0.7993876,
          15.210634,
          4.975707,
          1
        ]
      },
      {
        "date" : 805612686.187165,
        "title" : "Untitled",
        "transform" : [
          0.99193275,
          3.6679573e-08,
          0.12676525,
          0,
          0.10814151,
          0.5217703,
          -0.846204,
          0,
          -0.06614228,
          0.853086,
          0.517561,
          0,
          1.049036,
          11.990731,
          3.0222154,
          1
        ]
      },
      {
        "date" : 805612655.227575,
        "title" : "Untitled",
        "transform" : [
          0.8981971,
          3.699243e-08,
          0.43959293,
          0,
          0.34556916,
          0.618084,
          -0.70608366,
          0,
          -0.2717053,
          0.78611207,
          0.5551613,
          0,
          -1.5028282,
          6.645925,
          0.6636094,
          1
        ]
      },
      {
        "date" : 805612649.261576,
        "title" : "Untitled",
        "transform" : [
          0.8981971,
          3.699243e-08,
          0.43959293,
          0,
          0.34556916,
          0.618084,
          -0.70608366,
          0,
          -0.2717053,
          0.78611207,
          0.5551613,
          0,
          -0.6079788,
          4.056905,
          -1.1647882,
          1
        ]
      },
      {
        "date" : 805612630.923424,
        "title" : "Untitled",
        "transform" : [
          0.8981971,
          3.699243e-08,
          0.43959293,
          0,
          0.34556916,
          0.618084,
          -0.70608366,
          0,
          -0.2717053,
          0.78611207,
          0.5551613,
          0,
          -1.1869401,
          11.39713,
          3.3235257,
          1
        ]
      }
    ],
    "519EA424-A0B5-4541-97CF-2E5828666724" : [
      {
        "date" : 805261306.616071,
        "title" : "Untitled",
        "transform" : [
          0.75713474,
          -5.6347247e-09,
          0.6532588,
          0,
          -0.038861774,
          0.99822897,
          0.045041375,
          0,
          -0.6521018,
          -0.059489347,
          0.7557938,
          0,
          -1.299475,
          0.613259,
          2.6460662,
          1
        ]
      },
      {
        "date" : 805261305.089335,
        "title" : "Untitled",
        "transform" : [
          0.77842283,
          -5.6347247e-09,
          0.6277404,
          0,
          -0.0373437,
          0.99822897,
          0.046307784,
          0,
          -0.6266286,
          -0.059489347,
          0.7770442,
          0,
          -1.2114062,
          0.6201198,
          2.5696344,
          1
        ]
      },
      {
        "date" : 805261297.189756,
        "title" : "Untitled",
        "transform" : [
          0.80329156,
          -1.0372571e-08,
          0.59558606,
          0,
          0.10037814,
          0.9856954,
          -0.13538404,
          0,
          -0.5870664,
          0.1685365,
          0.7918008,
          0,
          -0.933815,
          1.8393928,
          2.5631404,
          1
        ]
      },
      {
        "date" : 805261290.548015,
        "title" : "Untitled",
        "transform" : [
          0.67664504,
          -1.0323058e-08,
          0.73630947,
          0,
          0.13695848,
          0.98254853,
          -0.1258604,
          0,
          -0.7234598,
          0.18600646,
          0.6648365,
          0,
          -0.29905987,
          1.2298187,
          1.4616318,
          1
        ]
      },
      {
        "date" : 805261257.699611,
        "title" : "Untitled",
        "transform" : [
          0.67664504,
          -1.0323058e-08,
          0.73630947,
          0,
          0.13695848,
          0.98254853,
          -0.1258604,
          0,
          -0.7234598,
          0.18600646,
          0.6648365,
          0,
          -1.8050842,
          1.6170282,
          2.84562,
          1
        ]
      },
      {
        "date" : 805261251.630221,
        "title" : "Untitled",
        "transform" : [
          0.971516,
          -1.13436505e-08,
          0.2369741,
          0,
          0.063807935,
          0.96306723,
          -0.2615913,
          0,
          -0.2282221,
          0.26926082,
          0.93563527,
          0,
          0.83738685,
          2.1580162,
          5.5799828,
          1
        ]
      },
      {
        "date" : 805261248.818718,
        "title" : "Untitled",
        "transform" : [
          0.80190045,
          -1.2855855e-08,
          0.5974577,
          0,
          0.24442202,
          0.91248804,
          -0.32806015,
          0,
          -0.5451731,
          0.40910327,
          0.7317246,
          0,
          -0.83892727,
          3.0596082,
          3.4850662,
          1
        ]
      },
      {
        "date" : 805261221.088699,
        "title" : "Untitled",
        "transform" : [
          0.9994044,
          -1.331638e-08,
          0.03450991,
          0,
          0.015437584,
          0.89436567,
          -0.44707015,
          0,
          -0.030864514,
          0.4473365,
          0.89383304,
          0,
          2.0629017,
          3.3043964,
          5.6375313,
          1
        ]
      },
      {
        "date" : 805261208.474004,
        "title" : "Untitled",
        "transform" : [
          0.99796,
          -1.2645588e-08,
          -0.0638426,
          0,
          -0.056448773,
          0.46713307,
          -0.8823833,
          0,
          0.029822968,
          0.884187,
          0.46618018,
          0,
          2.4523182,
          4.785813,
          1.5582291,
          1
        ]
      },
      {
        "date" : 805261193.514882,
        "title" : "Untitled",
        "transform" : [
          0.99796,
          -1.2645588e-08,
          -0.0638426,
          0,
          -0.056448773,
          0.46713307,
          -0.8823833,
          0,
          0.029822968,
          0.884187,
          0.46618018,
          0,
          2.0793746,
          4.808914,
          1.5382732,
          1
        ]
      }
    ],
    "5C2E3C2D-7175-462E-BFBB-81CA5B8B7A96" : [
      {
        "date" : 805283523.711848,
        "title" : "Untitled",
        "transform" : [
          -0.017666839,
          -2.6578115e-09,
          0.9998439,
          0,
          0.85623163,
          0.5163705,
          0.015129083,
          0,
          -0.51629,
          0.8563652,
          -0.009122518,
          0,
          0.12887764,
          19.374018,
          13.868109,
          1
        ]
      },
      {
        "date" : 805283522.395776,
        "title" : "Untitled",
        "transform" : [
          -0.017666839,
          -2.6578115e-09,
          0.9998439,
          0,
          0.85623163,
          0.5163705,
          0.015129083,
          0,
          -0.51629,
          0.8563652,
          -0.009122518,
          0,
          -2.2168083,
          17.888514,
          7.172432,
          1
        ]
      },
      {
        "date" : 805282245.002431,
        "title" : "Untitled",
        "transform" : [
          -0.99602,
          -2.4441111e-09,
          0.089129716,
          0,
          0.05385665,
          0.7967962,
          0.6018432,
          0,
          -0.07101835,
          0.604248,
          -0.7936251,
          0,
          6.0068717,
          11.4067545,
          -15.997644,
          1
        ]
      },
      {
        "date" : 805282227.947957,
        "title" : "Untitled",
        "transform" : [
          0.6694399,
          -3.6368277e-09,
          0.7428663,
          0,
          0.42144844,
          0.82349217,
          -0.3797919,
          0,
          -0.6117445,
          0.5673275,
          0.5512786,
          0,
          -0.2802763,
          10.497939,
          19.864561,
          1
        ]
      },
      {
        "date" : 805282221.950721,
        "title" : "Untitled",
        "transform" : [
          0.6694399,
          1.7669635e-09,
          0.7428663,
          0,
          0.59720474,
          0.5947378,
          -0.53817606,
          0,
          -0.44181073,
          0.80391973,
          0.3981414,
          0,
          3.0634851,
          16.483875,
          16.851303,
          1
        ]
      },
      {
        "date" : 805282202.305778,
        "title" : "Untitled",
        "transform" : [
          0.9888487,
          5.9262746e-09,
          -0.14892408,
          0,
          -0.079574056,
          0.845279,
          -0.5283668,
          0,
          0.12588248,
          0.5343251,
          0.83585304,
          0,
          19.120222,
          9.691403,
          22.98337,
          1
        ]
      },
      {
        "date" : 805282057.457776,
        "title" : "Untitled",
        "transform" : [
          -0.1325314,
          5.1528684e-08,
          0.9911788,
          0,
          0.19924298,
          0.979588,
          0.026640773,
          0,
          -0.9709469,
          0.20101598,
          -0.12982611,
          0,
          -11.118022,
          1.7866838,
          4.3779783,
          1
        ]
      },
      {
        "date" : 805282046.492987,
        "title" : "Untitled",
        "transform" : [
          0.031101298,
          5.2686726e-08,
          0.99951625,
          0,
          0.35310587,
          0.9355189,
          -0.010987552,
          0,
          -0.9350664,
          0.35327658,
          0.029095901,
          0,
          -10.056554,
          5.3491,
          8.107561,
          1
        ]
      },
      {
        "date" : 805276391.915021,
        "title" : "Untitled",
        "transform" : [
          0.74693966,
          5.2140834e-08,
          0.66489184,
          0,
          0.6174976,
          0.37078404,
          -0.6936972,
          0,
          -0.24653135,
          0.9287191,
          0.2769534,
          0,
          9.270201,
          17.62059,
          23.33744,
          1
        ]
      },
      {
        "date" : 805276385.605292,
        "title" : "Untitled",
        "transform" : [
          0.81968045,
          3.9009095e-08,
          0.5728211,
          0,
          0.4528479,
          0.61238784,
          -0.64800453,
          0,
          -0.35078874,
          0.79055744,
          0.5019624,
          0,
          9.24868,
          12.17726,
          27.030552,
          1
        ]
      }
    ],
    "60F2A266-7DB9-4748-872A-AD9A58ACA1BB" : [
      {
        "date" : 805608701.670327,
        "title" : "Untitled",
        "transform" : [
          -0.12557109,
          1.5931158e-09,
          0.9920846,
          0,
          0.39490768,
          0.91736,
          0.049984578,
          0,
          -0.9100987,
          0.39805844,
          -0.115193956,
          0,
          -6.0573454,
          7.140049,
          -1.2205414,
          1
        ]
      },
      {
        "date" : 805608682.786267,
        "title" : "Untitled",
        "transform" : [
          0.07088221,
          1.4608603e-09,
          0.99748474,
          0,
          -0.14587817,
          0.9892482,
          0.010366187,
          0,
          -0.98675996,
          -0.14624603,
          0.07012007,
          0,
          -9.012619,
          2.8104076,
          0.18905699,
          1
        ]
      },
      {
        "date" : 805454912.671036,
        "title" : "Untitled",
        "transform" : [
          0.83642906,
          5.1317386e-09,
          0.5480752,
          0,
          0.19761053,
          0.93273854,
          -0.30157766,
          0,
          -0.51121086,
          0.3605537,
          0.7801696,
          0,
          -9.619772,
          14.181051,
          18.611502,
          1
        ]
      },
      {
        "date" : 805454901.751853,
        "title" : "Untitled",
        "transform" : [
          1,
          0,
          0,
          0,
          0,
          0.7071069,
          -0.70710677,
          0,
          0,
          0.70710677,
          0.7071069,
          0,
          2.154246,
          21.400105,
          13.320095,
          1
        ]
      }
    ],
    "7392CD47-E9AE-4BFF-A2E0-48E50AA3C29C" : [
      {
        "date" : 805456948.665291,
        "title" : "Untitled",
        "transform" : [
          -0.2820812,
          -1.2708061e-08,
          0.9593905,
          0,
          0.41511554,
          0.9015444,
          0.12205288,
          0,
          -0.8649331,
          0.43268684,
          -0.25430864,
          0,
          -10.568557,
          5.0156045,
          1.4442388,
          1
        ]
      },
      {
        "date" : 805382190.187159,
        "title" : "Untitled",
        "transform" : [
          -0.28196564,
          -1.3185247e-08,
          0.9594245,
          0,
          0.47130007,
          0.8710288,
          0.13851066,
          0,
          -0.83568627,
          0.4912322,
          -0.24560012,
          0,
          -10.230508,
          5.6468377,
          1.5448095,
          1
        ]
      },
      {
        "date" : 805381993.67579,
        "title" : "Untitled",
        "transform" : [
          0.021165276,
          -1.3911206e-08,
          0.999776,
          0,
          0.41680393,
          0.9089536,
          -0.008823627,
          0,
          -0.90874994,
          0.41689745,
          0.019238256,
          0,
          -9.723352,
          4.845109,
          4.5736012,
          1
        ]
      },
      {
        "date" : 805381977.278049,
        "title" : "Untitled",
        "transform" : [
          0.021165276,
          -1.3911206e-08,
          0.999776,
          0,
          0.41680393,
          0.9089536,
          -0.008823627,
          0,
          -0.90874994,
          0.41689745,
          0.019238256,
          0,
          -9.825401,
          4.706796,
          2.7504835,
          1
        ]
      },
      {
        "date" : 805381970.436586,
        "title" : "Untitled",
        "transform" : [
          0.021165276,
          -1.3911206e-08,
          0.999776,
          0,
          0.41680393,
          0.9089536,
          -0.008823627,
          0,
          -0.90874994,
          0.41689745,
          0.019238256,
          0,
          -8.712011,
          3.0007017,
          3.5639937,
          1
        ]
      },
      {
        "date" : 805381935.598826,
        "title" : "Untitled",
        "transform" : [
          -0.12736686,
          -1.3913142e-08,
          0.9918557,
          0,
          0.4161126,
          0.9077418,
          0.05343426,
          0,
          -0.9003487,
          0.41952953,
          -0.115616195,
          0,
          -8.651543,
          3.0196466,
          2.5933506,
          1
        ]
      },
      {
        "date" : 805381927.558687,
        "title" : "Untitled",
        "transform" : [
          0.7514687,
          -1.7235527e-08,
          0.65976876,
          0,
          0.58938473,
          0.44942093,
          -0.6713021,
          0,
          -0.29651377,
          0.89332014,
          0.33772567,
          0,
          -3.1316133,
          15.466814,
          9.656576,
          1
        ]
      },
      {
        "date" : 805381911.347088,
        "title" : "Untitled",
        "transform" : [
          0.7514687,
          -1.7235527e-08,
          0.65976876,
          0,
          0.58938473,
          0.44942093,
          -0.6713021,
          0,
          -0.29651377,
          0.89332014,
          0.33772567,
          0,
          -3.8536,
          16.51566,
          6.248385,
          1
        ]
      },
      {
        "date" : 805381881.901054,
        "title" : "Untitled",
        "transform" : [
          0.7514687,
          -1.7235527e-08,
          0.65976876,
          0,
          0.58938473,
          0.44942093,
          -0.6713021,
          0,
          -0.29651377,
          0.89332014,
          0.33772567,
          0,
          -1.4589528,
          5.693167,
          1.2657694,
          1
        ]
      },
      {
        "date" : 805381877.48597,
        "title" : "Untitled",
        "transform" : [
          0.7514687,
          -1.7235527e-08,
          0.65976876,
          0,
          0.58938473,
          0.44942093,
          -0.6713021,
          0,
          -0.29651377,
          0.89332014,
          0.33772567,
          0,
          -1.174523,
          5.73236,
          1.4118215,
          1
        ]
      }
    ],
    "9363087E-D181-45F8-A67B-9B641AA88437" : [
      {
        "date" : 805258245.453185,
        "title" : "Untitled",
        "transform" : [
          0.9891672,
          2.2890587e-08,
          0.1467929,
          0,
          0.08074387,
          0.8351297,
          -0.54409444,
          0,
          -0.122591,
          0.55005306,
          0.826083,
          0,
          -1.3562775,
          5.6648674,
          6.8807583,
          1
        ]
      },
      {
        "date" : 805258221.136876,
        "title" : "Untitled",
        "transform" : [
          0.99990326,
          2.2785782e-08,
          0.013905428,
          0,
          0.008195886,
          0.8078398,
          -0.58934504,
          0,
          -0.011233249,
          0.5894021,
          0.8077617,
          0,
          -0.16890082,
          4.801663,
          4.398613,
          1
        ]
      },
      {
        "date" : 805258152.319172,
        "title" : "Untitled",
        "transform" : [
          0.87574434,
          2.0584825e-08,
          -0.48277512,
          0,
          -0.27153343,
          0.8268362,
          -0.49255615,
          0,
          0.39917603,
          0.56244284,
          0.724097,
          0,
          3.2155254,
          5.252185,
          5.081931,
          1
        ]
      },
      {
        "date" : 805258148.702747,
        "title" : "Untitled",
        "transform" : [
          0.87574434,
          2.0584825e-08,
          -0.48277512,
          0,
          -0.27153343,
          0.8268362,
          -0.49255615,
          0,
          0.39917603,
          0.56244284,
          0.724097,
          0,
          1.2067263,
          5.308008,
          6.14597,
          1
        ]
      },
      {
        "date" : 805258126.292573,
        "title" : "Untitled",
        "transform" : [
          0.87574434,
          2.0584825e-08,
          -0.48277512,
          0,
          -0.27153343,
          0.8268362,
          -0.49255615,
          0,
          0.39917603,
          0.56244284,
          0.724097,
          0,
          0.96947503,
          5.0102615,
          6.5080347,
          1
        ]
      },
      {
        "date" : 805258116.294278,
        "title" : "Untitled",
        "transform" : [
          0.99886256,
          1.4830167e-08,
          0.047684096,
          0,
          0.0071098283,
          0.9888217,
          -0.14893344,
          0,
          -0.047150947,
          0.14910306,
          0.9876968,
          0,
          2.1645257,
          0.72131175,
          2.6672523,
          1
        ]
      },
      {
        "date" : 805258110.035494,
        "title" : "Untitled",
        "transform" : [
          0.98836344,
          1.5386565e-08,
          0.15211095,
          0,
          -0.006003969,
          0.9992207,
          0.039011575,
          0,
          -0.15199229,
          -0.03947087,
          0.98759323,
          0,
          1.9053323,
          0.19782552,
          2.3501868,
          1
        ]
      },
      {
        "date" : 805258101.309791,
        "title" : "Untitled",
        "transform" : [
          0.99999195,
          1.5346187e-08,
          -0.0040038405,
          0,
          2.4203086e-06,
          0.9999998,
          0.00060848816,
          0,
          0.004003971,
          -0.0006084784,
          0.9999918,
          0,
          2.3055496,
          0.30451593,
          2.7607355,
          1
        ]
      },
      {
