{
  "advancedEditorSelectedIdentifier" : "ProjectBrowser",
  "openSceneRelativePaths" : [
    "Assets\/Fatih.usda",
    "Animations\/Fatih_Idle.usdc",
    "Scenes\/EnviScene.usda",
    "Scenes\/EnviScene 1.usda"
  ],
  "recentIdentifiers" : {
    "FB3E4274-D8ED-408B-8AD9-6A5190953094" : [

    ]
  },
  "sceneCameraHistory" : {
    "7AF8474D-AAB1-4049-979E-91DDCC929D87" : [
      {
        "date" : 805464378.96611,
        "title" : "Untitled",
        "transform" : [
          0.9863626,
          2.253611e-08,
          0.16458744,
          0,
          0.06434781,
          0.92040586,
          -0.38563257,
          0,
          -0.15148732,
          0.3909644,
          0.90785384,
          0,
          0.14409457,
          2.0765538,
          1.839317,
          1
        ]
      },
      {
        "date" : 805464309.253647,
        "title" : "Untitled",
        "transform" : [
          0.9962594,
          2.1736442e-08,
          0.08641306,
          0,
          0.010153629,
          0.99307275,
          -0.1170617,
          0,
          -0.08581439,
          0.11750131,
          0.98935807,
          0,
          0.24440104,
          1.4918901,
          2.3303342,
          1
        ]
      },
      {
        "date" : 805464308.004821,
        "title" : "Untitled",
        "transform" : [
          0.9962594,
          2.1736442e-08,
          0.08641306,
          0,
          0.010153629,
          0.99307275,
          -0.1170617,
          0,
          -0.08581439,
          0.11750131,
          0.98935807,
          0,
          0.2159634,
          1.3182989,
          2.0591846,
          1
        ]
      },
      {
        "date" : 805464218.040969,
        "title" : "Untitled",
        "transform" : [
          0.9962594,
          2.1736442e-08,
          0.08641306,
          0,
          0.010153629,
          0.99307275,
          -0.1170617,
          0,
          -0.08581439,
          0.11750131,
          0.98935807,
          0,
          0.29086375,
          1.2157416,
          1.1956551,
          1
        ]
      },
      {
        "date" : 805464212.962188,
        "title" : "Untitled",
        "transform" : [
          0.9766279,
          2.1736442e-08,
          0.21493725,
          0,
          0.025255378,
          0.99307275,
          -0.11475497,
          0,
          -0.21344826,
          0.11750131,
          0.9698625,
          0,
          -1.1665034,
          2.0221057,
          3.0299315,
          1
        ]
      },
      {
        "date" : 805464210.128728,
        "title" : "Untitled",
        "transform" : [
          0.9766279,
          2.1736442e-08,
          0.21493725,
          0,
          0.025255378,
          0.99307275,
          -0.11475497,
          0,
          -0.21344826,
          0.11750131,
          0.9698625,
          0,
          -0.7268677,
          1.7800903,
          1.0323257,
          1
        ]
      },
      {
        "date" : 805464205.244829,
        "title" : "Untitled",
        "transform" : [
          0.9766279,
          2.1736442e-08,
          0.21493725,
          0,
          0.025255375,
          0.9930726,
          -0.11475495,
          0,
          -0.21344826,
          0.11750131,
          0.9698625,
          0,
          -0.038317442,
          2.1572773,
          0.9853363,
          1
        ]
      },
      {
        "date" : 805464131.365579,
        "title" : "Untitled",
        "transform" : [
          1,
          0,
          0,
          0,
          0,
          0.7071069,
          -0.70710677,
          0,
          0,
          0.70710677,
          0.7071069,
          0,
          0.31176925,
          3.4948254,
          2.3435967,
          1
        ]
      }
    ],
    "FB3E4274-D8ED-408B-8AD9-6A5190953094" : [
      {
        "date" : 805619530.266879,
        "title" : "Untitled",
        "transform" : [
          0.60594094,
          -1.7548272e-08,
          -0.79550964,
          0,
          -0.5993372,
          0.65756226,
          -0.45651588,
          0,
          0.5230972,
          0.75340027,
          0.3984438,
          0,
          4.1398354,
          6.767707,
          -0.52749825,
          1
        ]
      },
      {
        "date" : 805619501.011772,
        "title" : "Untitled",
        "transform" : [
          0.60594094,
          -1.7548272e-08,
          -0.79550964,
          0,
          -0.5993372,
          0.65756226,
          -0.45651588,
          0,
          0.5230972,
          0.75340027,
          0.3984438,
          0,
          4.9321938,
          6.616927,
          -1.28264,
          1
        ]
      },
      {
        "date" : 805619488.682424,
        "title" : "Untitled",
        "transform" : [
          0.57029337,
          1.2928798e-08,
          0.82144105,
          0,
          0.80078506,
          0.2228449,
          -0.5559527,
          0,
          -0.18305394,
          0.9748538,
          0.12708695,
          0,
          -2.3943002,
          10.625302,
          1.8483856,
          1
        ]
      },
      {
        "date" : 805619484.504588,
        "title" : "Untitled",
        "transform" : [
          0.9958735,
          -1.33648925e-11,
          -0.09075202,
          0,
          -0.060041305,
          0.74985915,
          -0.6588674,
          0,
          0.06805123,
          0.66159743,
          0.74676484,
          0,
          1.2371017,
          6.815968,
          8.145359,
          1
        ]
      },
      {
        "date" : 805619396.467206,
        "title" : "Untitled",
        "transform" : [
          1,
          0,
          0,
          0,
          0,
          0.7071069,
          -0.70710677,
          0,
          0,
          0.70710677,
          0.7071069,
          0,
          0.44322377,
          7.350486,
          7.798325,
          1
        ]
      },
      {
        "date" : 805619394.075476,
        "title" : "Untitled",
        "transform" : [
          1,
          0,
          0,
          0,
          0,
          0.7071069,
          -0.70710677,
          0,
          0,
          0.70710677,
          0.7071069,
          0,
          0,
          3.078565,
          3.0785651,
          1
        ]
      }
    ]
  },
  "sceneViewportBackgroundColors" : {

  },
  "selectedSceneRelativePath" : "Scenes\/EnviScene.usda"
}